315
116 168
190 173
251 6
269 109
57 285
120 202
194 105
172 266
249 71
39 311
143 220
93 158
94 52
57 162
310 249
59 41
51 267
230 148
296 181
98 305
243 59
206 23
304 49
65 123
299 301
22 91
187 210
101 313
71 30
107 211
114 230
188 222
29 78
169 89
129 254
191 118
111 187
267 95
250 225
37 314
56 50
308 11
56 238
256 76
261 188
13 159
49 291
294 279
6 213
52 183
31 68
59 177
286 242
278 1
97 129
203 250
50 131
285 288
238 165
126 7
125 224
9 8
148 315
313 4
188 268
248 278
266 38
117 193
270 176
304 87
250 261
32 67
207 296
207 284
307 203
291 298
72 204
86 21
247 262
183 40
274 252
103 164
83 180
108 77
142 126
194 33
69 97
2 32
26 146
22 43
17 145
90 74
130 138
92 103
70 113
312 86
134 223
84 200
256 128
1 88
35 247
270 190
124 116
257 244
248 51
81 161
146 111
200 63
262 184
229 14
130 58
304 233
217 258
145 255
28 94
109 10
150 122
314 80
16 206
38 246
315 304
33 166
214 195
199 272
83 20
88 228
139 9
300 134
129 239
156 84
12 257
55 280
286 29
140 100
174 36
217 155
204 107
247 5
137 25
71 208
213 243
205 60
91 73
156 142
44 69
240 237
149 170
261 47
234 270
162 17
159 48
183 182
254 13
251 189
34 234
58 299
148 101
51 136
259 96
21 302
239 83
305 303
185 215
241 175
296 154
249 276
91 227
135 263
52 66
185 56
60 132
233 3
124 37
18 221
76 114
306 290
264 185
74 137
14 65
12 205
274 310
9 75
159 124
175 24
97 110
266 235
14 240
65 178
38 152
5 139
59 16
17 286
90 79
57 149
53 201
116 174
52 34
54 273
260 108
242 53
55 90
155 169
202 312
78 140
60 55
239 163
303 295
254 82
120 167
245 42
310 72
118 287
61 292
147 120
251 26
90 104
230 282
93 289
156 198
200 130
297 308
294 102
35 196
37 15
166 212
77 294
21 214
227 98
97 81
92 150
144 293
12 119
185 219
308 271
120 141
142 283
271 217
64 46
98 229
206 22
244 275
6 31
173 172
228 157
120 269
311 61
62 191
90 147
54 264
290 45
92 27
231 125
32 28
139 143
107 92
43 85
256 199
7 309
223 307
97 197
233 277
164 112
211 93
162 44
28 245
270 186
113 64
207 156
99 236
205 117
287 127
226 19
3 106
277 216
150 133
107 160
64 57
143 218
175 232
178 260
89 179
313 209
103 2
219 251
95 12
41 144
2 306
21 253
234 256
308 153
281 248
99 192
118 35
151 62
229 151
274 115
5 39
222 281
94 265
283 297
268 241
10 207
287 99
210 231
115 259
100 226
291 54
8 194
194 300
218 171
281 121
315 18
11 70
298 135
275 122 92 287 164 217 46 314 251 71 153 298 212 15 105 138 106 122 241 310 29 159 121 228 297 299 149 99 96 33 202 35 78 90 236 26 30 259 207 145 126 207 215 149 189 84 153 86 86 278 48 134 269 204 269 69 31 278 119 296 225 113 190 230 38 309 198 37 18 38 224 45 13 226 229 276 89 118 147 75 245 174 45 273 86 75 287 75 166 30 161 305 29 205 37 99 206 76 53 134 94 45 191 245 141 233 75 141 268 18 163 314 32 95 253 104 198 205 308 48 13 195 91 250 237 220 180 82 306 259 67 229 283 211 214 19 274 119 245 221 103 220 38 64 9 141 155 153 251 234 42 282 233 50 49 167 10 289 280 204 6 37 206 308 37 210 194 139 217 75 189 51 94 50 276 187 272 287 94 269 152 256 38 244 181 35 247 213 52 159 269 220 75 32 223 40 104 33 108 60 9 208 238 28 30 47 28 289 16 129 268 23 286 63 63 177 41 89 291 178 149 235 259 88 143 54 239 230 164 79 210 259 66 152 249 94 180 176 13 86 263 49 180 194 246 209 125 29 101 313 114 139 61 182 311 8 176 53 1 70 34 55 94 269 33 87 278 240 232 299 11 266 83 100 191 215 173 270 245 238 182 67 133 227 303 114 78 90 272 221 259 275 283 234 43 69 196 315 187 217 162 217 305 184 60 287 126 151 56 195 169 11 204 186 21
