3835
2319 3186
825 108
740 42
1378 142
1397 3400
3779 2662
904 264
1828 1958
3254 3621
2448 2137
306 1863
2598 847
787 3665
1132 3049
2000 285
293 3193
1248 1084
2474 2556
1346 2551
555 628
1362 784
2787 2687
754 1589
3166 293
3425 3497
3432 1232
3276 447
1114 1646
3263 3148
2401 799
1305 2847
3259 708
2359 148
3562 508
3732 2049
1016 475
3120 101
910 2844
1530 2348
1583 2290
3092 2479
3348 2703
3703 361
511 640
3313 3137
3332 1137
3708 1940
2071 2114
388 2704
985 1643
3745 1378
3494 1199
46 52
2600 1364
3786 487
3470 2353
3778 1842
718 2647
300 973
517 3099
232 1368
2716 3158
2680 303
1963 2123
1864 638
1095 26
2745 1038
2655 3651
385 119
1631 3747
3453 392
421 2712
1767 1862
41 2069
1295 3297
927 3590
2062 2472
677 1485
1990 127
3169 1316
1329 2746
1647 1290
59 2596
306 3011
393 342
1238 2135
1476 113
839 1933
3500 3178
2407 1583
1686 3547
2080 1561
2116 2516
2560 2071
874 1761
2036 302
840 852
1753 3285
1565 43
18 1523
1763 2392
235 1014
2598 2754
1351 3179
2645 1960
3236 771
2466 3387
670 3628
3057 2981
75 976
1866 1277
3146 2092
1359 1221
3746 1174
3375 3567
1432 3631
138 3609
2738 2146
3796 1098
3453 169
3624 3300
437 2316
1691 3610
2812 3000
1769 3797
2555 1049
2856 1433
100 1024
2087 2324
3043 1547
2575 1641
3023 3044
1936 2697
406 163
2058 63
555 2761
255 2694
3499 1564
803 407
1460 1247
2131 578
808 2910
1459 1183
1387 1798
2839 2668
2136 1557
821 1660
2697 512
2450 3471
415 1745
1400 3293
1950 2949
585 1192
2371 1508
2796 3103
635 1634
3454 3707
754 3630
1458 192
1610 2967
3272 3542
3015 1879
758 258
1308 379
945 3260
9 2002
935 2414
330 3101
1256 1293
1715 910
2920 919
3100 2718
2526 3098
877 3334
29 1272
933 978
3205 483
1025 666
2702 3681
897 16
2399 69
940 430
1917 2427
492 1987
2600 3109
860 2771
1796 1625
3115 492
3579 2016
2133 1937
1 396
214 2489
2148 3728
3129 2035
1207 3741
3793 1500
3563 3663
3154 2121
2958 746
2866 2018
3253 3306
13 2125
1116 3208
1148 1681
1437 819
795 3717
2865 2631
6 275
1236 2362
3364 1450
1889 1479
3121 3642
2249 2181
2604 1978
2380 2384
735 1917
3513 64
2714 1813
1323 3082
1534 921
3077 1718
648 1276
996 3831
844 1341
3162 1349
1024 600
2613 1829
659 3835
507 1262
3136 216
2339 4
2482 423
2099 3047
3479 195
1716 3262
1808 984
509 2398
157 1653
1240 1464
1786 802
957 2643
2825 904
3810 3658
2380 1145
1387 2535
3490 1603
1981 372
1618 218
3183 2322
397 1367
1949 1824
94 1546
3724 3683
2781 2357
1563 2747
2188 70
1396 3328
2168 403
1379 3473
704 259
1051 3571
3407 539
924 3107
1682 1235
1648 3605
3142 548
3220 3168
3515 2485
194 2378
3314 1180
1106 2649
1148 3574
163 671
3418 824
884 1093
316 1431
3808 1946
586 3105
875 2372
695 79
845 1729
1373 1584
2633 240
2498 76
3790 1222
473 3725
1295 2509
2277 312
1869 1187
2144 1648
2539 2293
3729 3287
675 2215
3696 863
3759 92
1202 1259
1047 1544
3303 1139
1782 1003
2639 1833
1824 347
1827 520
1446 3589
3191 2203
3370 1828
3128 3750
2796 1147
2425 1787
870 2172
3813 3579
524 956
2270 460
712 660
226 752
2145 3084
3594 3009
1420 1362
2976 173
3416 166
1462 1292
798 3395
549 3702
750 1651
2493 3481
2267 586
2408 2337
1102 122
12 808
2080 2492
757 2664
1250 3050
1883 2195
101 2505
611 3830
2675 1782
1574 1772
3005 1982
1169 2111
3133 1952
188 3363
2539 2402
2159 1447
449 1036
1457 1052
3541 1920
1787 1577
23 2267
1652 344
1351 659
30 3490
3758 1785
544 3100
3364 1556
1934 2050
1507 2564
236 2294
1445 1975
2025 560
1369 1308
3820 2733
23 3600
328 1521
2399 1861
2477 1075
3469 2129
3263 3775
3789 1108
3470 2023
3381 2044
926 1816
2030 3659
2863 2539
2664 2742
267 1525
741 635
2631 1598
1508 1248
3134 2903
1190 2763
3176 2458
2403 894
1326 3166
3621 2171
379 2176
307 3353
3562 1790
2169 2731
1909 994
161 3184
2164 3643
2326 1104
509 24
2124 3143
2743 474
3139 1124
926 3491
1655 3135
2523 2520
3299 1622
2787 543
1778 382
1912 3597
293 2913
537 2724
1944 668
97 3310
782 1305
3397 2158
224 3695
3088 3633
3451 1655
2895 661
1960 118
2043 2693
437 714
1180 3140
965 1797
3828 322
3223 1898
70 337
3569 1415
2506 2272
1467 2902
3761 1621
2583 3336
2606 187
1706 2319
3084 1869
471 283
1497 1428
3510 3535
3699 1980
3125 1268
3104 2169
1331 3298
710 2582
2944 2042
3486 1330
2264 2416
2488 3065
2672 2491
3124 1886
278 2764
411 1242
1401 1509
2643 170
1240 296
1356 1106
1770 1612
521 3670
2687 425
152 456
3714 2198
2407 2234
2392 1883
3345 1458
314 2909
2995 1323
3718 3371
740 1019
2575 3248
3698 725
3617 925
2075 2708
938 1206
2652 1827
997 1053
606 3280
3756 313
2640 1298
2212 946
528 3684
3058 2443
2377 1404
43 1043
3017 3735
1116 1179
3627 792
2788 3424
1274 2577
3576 528
3303 106
141 1490
1799 2699
2893 3243
251 3245
897 1714
1764 3121
3068 3591
195 3721
2523 527
2485 3139
1566 2966
1789 2253
487 2788
3141 505
2350 3382
762 1596
607 2014
1945 3421
1422 2921
427 1082
3178 3739
542 2706
3706 2798
3697 1822
1248 2633
742 1123
1672 2735
2783 2942
3826 334
2290 2239
846 645
436 2738
2258 154
1609 601
533 3736
2831 1616
1295 555
373 212
821 1400
1125 2346
1643 1263
3637 359
1844 1806
3124 397
1422 805
2375 1680
105 794
2676 2947
3577 207
10 2628
2316 2320
821 2550
598 3420
2309 1414
1916 1427
1004 835
2449 3346
1120 2222
325 1900
75 3081
1738 1421
2096 3337
1537 651
837 2540
1887 32
1688 723
3486 2542
316 1455
2627 1435
482 2206
2418 607
3476 445
3705 1304
452 2592
323 3021
3181 267
2119 1875
1768 1992
935 2291
2468 1864
1952 2930
2611 1260
3551 979
1416 2690
875 3447
807 320
1012 1095
366 3448
2020 598
2762 3423
2238 1385
894 1644
2964 2368
645 3027
428 2541
3693 547
1836 3014
1683 3078
427 2136
2933 1035
3074 95
1942 1287
740 2148
1054 3425
1260 1059
1220 3299
939 1423
1674 2144
2447 239
708 369
73 34
2324 253
2615 2236
3123 1081
2673 3096
622 138
2477 867
1671 2140
243 948
263 2224
1201 2469
610 2595
2467 1422
2435 3380
1904 1605
935 1611
1362 1000
741 2235
2039 545
1415 67
1777 1942
1230 818
1818 1888
1767 2199
252 18
1337 3192
3208 1173
514 999
2648 1491
51 1632
545 1775
1970 728
110 235
3808 1836
2188 2889
1689 339
866 1628
316 3268
1574 2186
1064 2590
1560 2784
2204 1579
1301 2053
2179 2689
1618 2750
1733 2373
835 223
502 3073
1538 1567
2968 1448
2735 3645
2208 1877
1795 1386
1465 1237
1368 1411
2892 544
3010 1954
603 393
620 1271
2054 3679
2539 770
1687 1286
1302 2636
2860 45
105 2810
2616 2511
358 2513
2912 2955
1220 1691
2355 2991
1886 927
683 2605
454 1319
2134 903
3161 2641
3573 2262
1148 2971
3439 1164
3393 3373
109 1674
1272 2120
2008 3820
2835 230
37 422
3559 2260
1949 988
1869 3419
3443 955
1039 375
1729 874
2682 2308
1804 2310
191 3159
112 761
3267 2317
1616 2004
839 2797
802 1294
968 812
2955 204
3682 803
2466 1063
2736 3565
2976 2868
809 3329
141 2104
886 2821
3105 1041
246 3432
121 2456
3588 2701
668 1461
3335 2244
1231 3079
948 3144
3488 2997
115 3458
213 71
2402 327
322 370
2393 488
709 1334
143 335
1450 3091
3655 1676
1989 3475
3808 3444
2842 801
2661 2403
2886 3237
3577 773
2907 3375
1709 2795
3708 2483
1259 1907
2860 199
2465 2881
590 3145
2355 1908
3394 2802
1703 2986
3448 3783
3780 853
1571 3561
626 2659
474 3762
2702 1454
487 3085
1015 1520
217 3111
2166 614
2144 228
3404 49
164 3228
2468 791
959 3653
3243 2933
2131 377
609 1515
910 3539
3026 448
1991 1854
2901 3055
1956 759
3208 389
1476 3213
2893 722
557 2034
328 3386
2220 2759
3432 155
1941 3157
1087 451
2328 858
111 733
437 2177
3465 2681
1643 882
1288 1741
712 2247
3068 646
1424 2197
26 2634
1031 3637
1962 1918
829 510
3619 38
1139 3450
1166 1061
2343 3534
2176 376
1241 1405
2792 1923
1334 209
504 1365
3748 94
2032 1295
2565 467
611 2200
1641 3558
231 851
2829 3472
3609 1629
3372 841
2721 3790
1754 3715
1949 225
1477 3410
2922 3636
3521 3430
3800 294
834 768
694 3655
955 706
770 1226
1973 1849
2445 3200
103 2297
2167 2436
2136 1269
1213 1328
720 2444
1483 3216
524 1296
224 3732
2661 783
1328 2248
2152 1501
1666 1060
680 3776
1170 1769
1675 141
3605 1699
2321 89
1678 1901
3312 2856
3814 2580
1689 221
2924 3205
3556 3640
506 3601
1147 2829
2591 2340
3257 2345
2916 1811
1797 675
2207 1830
2044 1348
2612 888
1119 3270
2070 1239
3362 590
3539 2173
139 1047
2275 1764
83 689
2715 2266
2006 902
1884 8
1092 2899
2538 2547
3043 637
3667 2780
1910 3705
2240 443
3109 1030
776 3585
2057 277
2512 1535
2075 977
884 1100
598 537
329 1919
3311 2066
801 181
2603 2974
499 3692
11 2809
2297 2281
41 2063
240 1195
1841 177
1350 3412
3149 164
297 405
113 3242
211 2922
2855 3238
2402 2258
3182 1593
1085 2038
1412 3518
3093 1335
3580 1897
740 2807
2150 2852
594 1570
3781 2437
813 2508
2117 1503
1537 2388
51 3529
1474 2587
3060 3236
1630 1302
1891 3593
3387 1018
2288 149
938 2439
3257 735
1098 3221
948 2216
57 2087
46 3521
2486 1795
3787 561
541 1749
137 724
3439 3013
3825 2563
2705 2008
2746 1086
186 2250
1379 1893
2195 1351
1326 2382
3768 3110
1088 276
3580 1114
893 373
1062 1329
2478 135
3778 1208
3290 709
1092 441
3292 1659
1567 1494
3338 1926
741 426
2547 1279
1230 1999
51 1709
3183 288
2534 1352
1572 305
3627 291
3239 3156
2506 1360
1720 1866
3333 3303
1737 1728
1641 2660
2248 2288
3604 1948
537 3393
1924 2422
3025 1064
2947 2279
545 775
154 2095
1375 1662
2074 963
1116 2003
3263 1034
936 3812
2368 845
3058 1132
3584 2067
376 2450
3740 643
2562 368
746 12
1682 2371
3415 2107
1215 5
2108 2805
751 2442
1415 1188
1107 1065
176 1788
1609 378
2392 2036
3387 3765
1992 857
19 1922
2142 3789
1979 33
537 1037
966 1693
1159 1358
2941 1800
1589 1911
302 2985
2262 9
2686 165
1858 1088
1333 2904
651 2339
2448 3796
2247 2420
3137 2834
998 2804
998 1453
2899 227
933 1707
594 517
3389 2090
2935 3070
2782 1058
3160 2128
2437 3668
2585 384
3306 3108
375 1496
3129 2009
982 1669
2261 1692
638 2656
3110 986
3630 2719
887 2714
3071 1126
3182 2100
2117 1309
308 2794
1896 3366
14 2654
1352 3720
510 3726
3321 756
1631 1880
3302 191
2636 284
3649 439
3291 3173
119 3072
2892 868
1426 2343
2446 1465
1198 864
2527 1111
424 1419
3431 837
2821 2397
843 1466
3193 1809
2776 2145
23 2400
2065 3031
3599 776
1312 525
3279 530
2225 1256
1939 2180
2209 2867
621 3536
3282 2196
3794 1483
569 2133
375 1166
1279 3596
72 41
3572 2365
657 2861
3189 1739
1388 3004
1526 1102
829 1778
2762 2138
2048 627
3543 2495
932 2673
1191 2853
1408 102
934 1522
3624 17
109 3128
2177 2209
667 3799
1309 2182
806 817
3064 2845
1923 1191
2944 2732
123 3723
3779 2950
280 1543
1397 777
1421 1057
1825 1326
931 3033
1210 2000
951 341
2055 2953
2145 3263
1163 197
2367 1840
2531 2379
3706 549
2355 3577
630 2474
879 1432
1064 1549
1025 449
629 672
2774 1826
1220 129
596 2667
391 1517
1518 3662
2931 987
1905 1673
2486 1115
752 1889
1581 526
3554 2707
831 3122
2336 1130
2313 2117
2489 1902
814 3772
2708 3526
943 1002
822 123
3017 2951
2506 162
3372 2783
3771 1698
2092 3063
3588 612
1617 806
776 3823
1334 2709
2044 1752
1279 3197
2341 2917
536 2956
1424 3341
3127 797
2497 3114
2941 1983
3539 1792
3095 1168
3028 1711
1338 1138
1592 2160
3431 1167
1076 3486
937 3209
2449 3632
2898 618
1903 726
1366 1997
281 1357
1455 286
655 582
158 1089
1195 2878
1931 1742
790 496
2140 3368
1911 2298
3379 1885
1361 3560
647 2727
1036 854
3778 1118
1893 3756
786 3635
3582 540
2757 3825
265 2475
2001 1264
1906 606
3074 1291
1020 452
2258 3557
2477 3583
1004 2243
1410 2751
1989 1424
1924 2462
354 2739
225 529
863 2484
3572 3302
3302 2415
1631 1657
965 3332
749 50
173 1099
530 1524
1691 562
2014 3541
2361 1080
976 2410
1701 822
3536 2870
2988 1614
3215 1855
1384 1162
3603 1011
684 179
1107 1744
1903 3478
652 3089
387 2952
3806 1013
3359 3691
1459 2557
3053 3076
2655 2127
2609 3212
178 1347
2663 1012
3683 1387
1988 2786
80 3620
2496 3677
1952 1203
3419 1393
1625 2973
342 828
2408 1951
2993 2906
2083 1554
308 3709
39 2326
360 3005
2532 588
2630 3778
632 2544
588 3519
791 3606
2149 226
575 760
1993 1077
503 151
1609 438
1828 1609
2553 1344
1871 2465
1618 573
1992 740
1506 2918
1023 2515
342 1446
3410 1297
3428 2869
2616 1039
1497 61
3604 2229
1163 353
2193 1701
3730 713
235 1588
2929 941
2695 2854
3641 3515
1116 3352
3818 357
3642 3746
2261 1407
2147 1757
3606 282
2467 2932
1287 2435
1641 494
233 1250
2647 1144
998 1028
322 816
3833 2578
2289 3016
2171 3733
3293 2390
2001 2537
1893 2238
3787 3467
2728 1032
3576 3223
306 1
1120 2074
1290 2056
748 3062
77 3436
2420 1436
2631 2571
880 437
2942 383
548 1370
3195 3758
773 1712
1547 1346
3215 444
2140 1379
1416 3077
2695 3779
2225 2105
3318 1705
2259 2954
2207 3780
1434 751
2562 1342
2416 1238
3393 2530
3742 876
1917 3428
3619 2213
3500 968
3028 796
3216 3511
3368 2640
766 3784
3789 2766
1547 3788
1955 2658
3646 1887
193 2241
2151 3290
115 1803
1284 3427
2663 2170
3361 2168
2425 103
2491 338
2690 47
2158 897
1540 2438
2408 1738
2282 1876
1369 2376
3835 1345
3269 2975
1111 3716
229 2313
692 1563
2247 2992
3363 767
3680 1417
185 2594
1452 1487
2730 2877
2041 1985
1019 3254
1990 1234
2328 2670
3211 2295
3398 2928
269 1704
1927 1189
2282 3326
2603 408
318 2799
396 1534
669 2866
1886 485
1383 1939
3129 3644
356 427
1476 3513
2869 1878
23 2301
913 1027
2870 923
1147 2022
2790 3512
697 3768
1501 2896
2118 2811
1977 1559
3318 36
2685 237
2913 1649
1864 2387
3488 3115
1440 2976
2656 2574
2930 2849
60 611
1796 2031
760 3126
1187 3488
1405 1445
3805 2865
2737 2602
2931 1689
2641 1667
1862 31
2726 1615
1491 3324
428 730
3073 374
3738 2782
2635 3749
1102 455
1703 1462
3138 415
587 3367
795 491
2617 250
189 1631
2713 3814
220 500
2428 750
178 200
2375 1867
933 1959
2090 2675
1088 401
1159 2637
650 3024
1297 2166
3031 498
3287 3267
609 2081
502 995
1017 2573
114 1771
790 2725
737 1743
801 2089
190 176
3032 3624
1012 1489
2895 1734
2275 513
936 3097
1521 3453
1971 2512
3229 2039
583 2611
2439 736
3666 3582
1041 3672
2763 450
528 1763
180 3348
3158 25
3229 2268
78 1756
3784 2306
3678 550
3634 2032
3193 958
507 965
704 844
2679 3572
1920 1578
999 842
776 256
539 3018
2045 3809
1877 2480
2866 2318
3231 1562
1618 878
1998 1410
2146 3689
1658 2386
1248 769
2356 1574
934 1418
3457 1781
420 2383
3002 81
681 980
1479 2999
1080 1532
2159 404
2279 1538
936 1143
3336 2988
1350 2212
2293 2231
418 1194
3348 280
894 2570
790 2094
1447 1042
123 1177
2896 616
543 3364
1795 3761
3547 3154
1775 1539
2095 1776
3296 3592
1833 642
2004 741
2582 982
3517 3613
3119 514
2432 2381
2309 3271
3587 2389
2753 261
780 2717
240 287
1049 1865
2114 360
3301 3834
1275 1799
613 2599
2799 2816
2427 1094
2168 1858
100 1148
281 3714
3305 3822
2616 1055
3140 2020
1281 1817
76 2409
2856 3037
3783 1818
2942 2740
433 3266
326 1408
365 1731
820 217
1384 395
1781 2506
2342 3584
1722 3638
2282 3113
478 2840
3059 3399
1116 890
2822 2753
2636 1610
504 493
490 2862
3469 80
1873 2283
3414 2569
2326 1766
3663 1210
2283 2567
3015 1477
2240 2617
1963 3392
1011 908
1365 2848
2204 2891
1770 3676
651 3781
3111 657
1837 1474
3745 3460
2179 3704
1071 1825
2011 331
2847 3634
501 3755
2547 3516
2167 2476
3521 3187
551 2270
1178 1381
3417 2307
2697 2007
1792 1322
914 3566
684 3311
80 2785
3568 1373
3761 1592
3757 554
2688 3229
2184 495
3709 3061
1406 2098
1802 1617
3784 1325
1182 1850
316 2760
3676 3058
1139 3282
2251 1821
1579 959
1318 3362
3379 2860
3296 345
831 3493
1660 3361
3037 1802
228 2043
2596 3383
2522 1671
2058 2841
3307 2543
2832 2178
3465 3487
3639 1070
1001 763
3716 232
1375 2507
246 2349
3197 2370
718 2280
1361 683
380 1944
1179 991
437 1914
3597 356
3234 834
2791 3611
879 3074
1172 143
199 213
1431 2493
3810 1184
2534 2778
3401 3437
3130 2
2942 3554
599 2523
3279 2393
578 1383
2835 190
3397 830
278 3080
2257 2850
3037 1851
231 2285
1247 2252
3806 3397
1827 3396
522 2601
2887 3468
3564 3185
1439 1725
2685 1990
871 1650
1840 1488
1856 2558
196 3265
1395 1786
2686 470
266 3754
1347 55
3285 3504
310 786
1744 3054
1214 2632
1843 932
539 486
876 3106
3654 983
1059 922
443 3258
20 1947
3414 534
855 2488
395 1730
2157 2926
1889 1202
172 1300
1319 936
3406 351
1269 1675
75 502
2892 1602
2800 2448
3469 482
2238 412
963 3806
2378 2471
1148 1375
505 1518
3741 3141
3643 2827
3349 2162
2439 584
1084 1685
837 3275
3669 1376
1569 2219
3607 1438
3342 702
871 2583
1266 433
2903 2525
155 2481
3047 132
62 2065
2837 1545
3725 3312
3689 2591
31 1406
2947 2183
3353 2394
1259 1630
480 2552
603 2218
2030 2715
1869 314
387 1746
995 1463
3454 1558
256 2568
1805 1754
1868 311
3435 442
2062 3289
383 398
90 2286
3692 3546
979 2619
2951 1023
2796 3465
1951 2175
375 1498
697 1200
3803 2245
2733 2377
2450 2192
3671 3483
3821 3559
736 2163
2177 1974
1604 3678
2953 3171
554 535
2142 3385
112 1924
3437 1896
627 1891
3648 215
27 574
1749 481
1309 3731
3118 870
1194 2545
1836 1859
1568 3354
286 2264
3228 3256
1800 3660
446 591
3346 3274
3698 3482
3321 2329
2743 873
2546 920
170 158
766 1182
220 577
734 3146
5 2097
3364 3718
80 1087
2402 1670
2583 1916
749 2048
182 566
2737 203
979 1339
1566 3694
1174 202
3818 1129
559 3757
660 3064
828 309
3784 3599
362 2047
1439 1119
1802 961
3557 2207
3400 686
1203 1765
3555 72
2548 3008
1895 1165
3636 429
3026 2440
2300 2157
1098 2572
2473 73
494 881
3476 951
64 2609
3483 2683
1222 679
3547 3562
3337 3588
2151 3828
3532 3769
2071 3810
1491 1717
3321 811
1177 901
471 915
540 3314
2263 966
389 1033
1363 1331
3279 2455
1077 2521
3206 3088
3584 565
2952 2122
822 1687
2406 829
964 413
2137 1429
1093 2737
2998 120
1098 2532
2886 1380
3012 1814
3496 705
57 1560
1617 1943
145 85
2569 3273
3453 2030
2468 2946
629 2233
460 1565
988 1212
3078 3152
3713 3580
2715 602
3781 1048
3513 2119
1904 478
684 2929
1940 766
2335 1587
128 2453
1228 2454
3356 1015
2532 3075
2457 3119
2797 3003
1004 2211
114 2895
3155 3316
3019 3095
2203 2585
1350 2497
2328 1537
484 236
3589 15
2579 2912
3433 3207
1147 1852
2875 3391
2711 2773
1877 3647
748 2924
2009 3039
2845 690
401 310
62 457
2324 2263
424 3165
2852 1337
1603 952
1965 1762
1408 1784
1296 3370
1032 238
3276 231
1833 1230
801 3552
945 2501
3726 929
1762 2931
1900 2994
2562 2911
1142 3250
270 1178
1695 3129
2208 1881
1449 1721
515 1006
1247 1848
2927 3818
736 1872
3212 1527
2797 2106
3570 53
1882 1683
3505 1927
2114 2296
568 1984
1394 1007
629 1275
1743 3608
1666 2914
766 2524
1843 1395
3035 658
3329 2325
255 940
3454 676
483 2826
2828 3568
1323 3083
3065 1936
3188 3551
1457 2165
607 2702
1998 1196
514 365
2273 2417
2595 831
2592 3226
1660 2269
353 3305
2806 2328
2320 887
1598 3339
1548 1046
1343 931
2510 3829
2189 3181
1572 592
3509 271
1508 133
3162 366
1828 2555
3265 2327
3297 3318
1162 737
44 2164
1456 3556
2698 211
657 2333
3678 3
482 3795
1470 2652
1807 2514
1343 869
529 3461
958 1716
592 1835
720 2695
2385 2814
1960 608
1299 1823
892 3724
733 329
2273 1233
487 1777
3014 3210
154 2919
1440 2062
1174 3227
2629 2685
2723 504
2572 2995
1656 2351
691 1197
3327 1870
377 1838
2301 2013
2801 809
3810 3661
1855 2825
575 1382
2024 2058
152 2041
3444 3798
2763 1444
2515 1156
505 352
2766 2846
317 1706
1568 648
2153 884
3174 3594
3416 2431
1852 899
2558 3550
2081 1062
119 825
1817 3745
2650 428
2652 2152
959 1105
2047 3422
1973 674
2822 938
1775 1979
2394 678
2452 2925
1651 1553
3344 1594
1076 814
2983 1310
746 289
1538 224
3333 3570
3715 3087
1997 1265
2377 1652
3057 1224
931 743
2730 947
501 564
2034 3576
2659 2624
191 3782
535 580
1621 3819
987 719
1771 3811
2979 3202
1222 3463
128 2156
320 860
101 3626
3621 1176
2135 3296
3545 1735
1537 2093
3062 1732
1314 3682
567 3048
2055 22
2616 2533
2265 2451
1446 3283
3293 3438
505 1244
1601 589
3414 83
1090 2775
2539 40
1077 2101
302 3664
966 1209
331 121
1539 2330
933 2356
3416 2084
951 1996
1861 998
1377 1938
3226 3581
449 1350
1575 3520
486 2830
1985 3439
1291 3086
2196 3793
2012 928
578 2331
3275 3477
3688 2096
219 1050
1853 246
791 1968
2546 1219
3572 2765
2243 1307
2736 1977
1883 2677
61 1780
1475 3669
879 1377
3378 3358
3530 2091
3073 664
1484 1469
1359 1243
2211 2839
2989 2833
477 3719
3291 1181
299 2613
566 2466
4 340
2754 497
260 2045
1319 2275
1132 2996
3422 2083
603 180
1158 2103
2396 175
664 3359
731 3309
2659 1141
2515 48
83 182
2508 1904
1373 3369
2682 1552
2326 2179
595 3648
3604 3203
2879 3269
2813 2299
377 2666
1581 473
2558 1536
3799 130
2940 2070
2859 54
3190 2874
3693 3051
1939 2757
2750 669
2182 2202
3760 46
347 3543
3373 813
537 889
1484 1359
3169 1604
3379 2559
612 77
2072 3402
1051 3320
3810 3703
397 2620
1669 2060
215 1921
211 2385
1061 3043
440 2350
338 2185
734 1647
2822 3507
1108 281
1366 3673
1803 330
3175 1595
2777 3136
699 1512
3402 885
164 838
2258 1146
3067 518
3146 1157
706 1909
2867 87
180 1906
794 2055
646 274
1670 269
2527 849
3138 3409
1007 2355
3108 1530
1382 2338
2437 2817
3395 3222
923 1722
141 436
1618 2716
3719 3573
3398 3347
2047 3480
2724 1929
1308 2711
3698 866
1035 1531
2396 2744
682 3230
3366 2109
2174 3685
3504 2110
428 1989
659 804
565 3172
853 1321
2295 3093
2228 2987
750 1155
2607 2963
712 3343
3635 1149
1325 1748
1440 2305
144 2575
1527 2938
2295 2225
2582 1409
880 3674
573 506
1948 1551
1462 229
549 1227
1325 3394
1040 1253
3126 3211
3280 846
3491 2237
2316 2143
3350 758
1138 2124
1587 542
1621 2755
2527 3700
1752 2052
147 1240
2034 2646
645 3277
606 581
493 1282
219 2271
2673 1122
3479 1502
2142 3304
307 1079
880 1120
2533 2025
391 1457
3230 3730
2728 1131
287 649
2746 1566
316 386
1402 416
2480 3464
2325 2803
3822 51
2736 346
2811 3435
3553 1443
1386 255
2840 827
3614 673
3412 788
2270 3053
700 1894
2024 2189
832 260
263 682
2506 2890
2988 390
706 779
524 3563
2991 1597
3483 632
1868 3503
2678 1117
2422 3350
79 254
1975 2851
3540 2886
3614 704
2001 2562
2008 1005
2987 183
721 134
2843 343
1465 1696
1200 2418
549 1029
3567 3649
1249 753
1519 3764
3098 2249
1253 299
2022 2584
272 855
3223 3426
1059 715
1532 3833
1787 2309
977 1635
3376 325
2690 3225
571 1540
2757 326
3376 2315
1542 128
1945 1270
3448 466
3519 1950
2107 1213
900 1152
3580 2064
2087 1254
3059 295
161 2787
2177 1654
1241 945
3281 913
2127 424
1538 3007
79 2246
2975 1969
2211 472
1305 3712
1369 2395
592 1868
1245 1136
1141 1171
457 930
2291 3118
3656 3253
995 68
1966 1599
1112 3215
3567 2836
3649 1175
3461 3713
2832 3342
894 605
73 1478
3213 1472
1111 1460
1928 420
942 2970
3643 3785
2147 1663
1142 917
2505 2174
1309 2984
3065 2312
2050 3701
3494 3474
43 2935
2848 641
3597 2073
274 2962
3401 3429
3199 1384
2596 1572
1208 3524
715 358
627 2980
2191 1303
1787 2713
2384 3406
3694 2374
1590 807
2979 2433
1247 1026
3416 3815
1889 2916
1229 348
3830 2978
2808 2723
3044 98
3689 2154
310 1642
2090 3388
70 168
2423 124
2933 1715
1437 3826
381 421
1303 355
30 1970
1190 3232
340 270
88 3036
1874 1299
2355 787
3680 1956
2386 662
1050 1713
3453 2749
2908 2460
2817 2734
3078 2892
975 1449
2548 1568
887 1440
1380 2960
251 2332
162 1925
15 3553
41 1074
3339 1142
3249 1575
1000 1004
975 3349
2173 509
2221 1636
318 3506
1091 3195
3458 2407
1493 2201
597 2033
1271 3522
3538 710
1521 826
1867 2642
2879 718
1111 3431
2570 13
928 2399
1907 480
3649 3533
3767 3340
445 3760
2121 1844
3832 2959
2533 1619
3376 1073
2513 2627
435 3527
3250 872
2516 900
1477 3787
3310 3449
3390 1066
567 1637
736 242
2671 918
2040 1476
356 3792
3266 699
1649 971
1990 615
1643 2857
3056 3360
1766 3727
2282 1333
1972 96
2953 3729
2173 2669
1390 2674
3228 417
2770 3313
3601 21
173 772
2685 654
975 1092
65 3002
1342 667
2766 1774
2494 1121
2697 2059
3297 1439
235 2527
1526 1590
3669 453
124 2546
3320 3722
2979 2791
1437 3607
472 1361
1821 3751
486 2445
1677 159
2389 3026
2241 523
2124 2983
747 2529
3539 2411
2216 2113
2155 1995
1410 2468
1981 2029
2845 2191
874 2722
2417 3231
3256 243
2142 3738
2928 3278
3354 139
1812 2193
2143 655
3607 2302
3635 3034
2461 652
617 3182
3190 524
777 1204
3445 2155
1870 3131
2984 2102
361 1760
1568 11
1609 3142
3217 996
2256 633
504 160
3434 2341
607 3338
693 3351
2439 720
2144 1110
22 2254
1328 3693
530 1934
3653 3177
1162 1315
1024 595
3782 2184
1945 2698
1246 1083
935 3443
3674 2767
881 782
3449 1750
694 3686
3493 2553
2378 1794
1308 1847
2201 2657
3109 536
1533 1899
3234 981
1034 3331
1513 306
631 388
2534 619
483 3805
1065 2684
2834 2688
1672 1071
2039 1664
1635 1624
2765 65
1323 3612
3806 558
3436 400
1400 1022
590 2072
1164 1770
1312 3281
3693 222
2269 3241
3074 3255
3235 935
3249 3639
115 939
2908 1425
834 2277
323 3127
3730 1672
1346 571
2312 2560
1877 2663
3718 268
1335 1153
708 972
2105 1708
454 172
1415 2473
2179 3123
3442 3261
1305 490
3370 3625
2725 2603
3260 2686
1265 691
348 2149
3676 1025
1562 639
2963 244
1338 2623
1436 1571
1592 650
2519 2027
240 630
996 1246
2058 1020
2973 1941
640 2375
2073 3595
2527 1205
2041 795
3338 1993
585 3403
31 2979
137 2726
1011 1134
2907 1971
2787 2057
2223 717
343 2554
2688 3615
38 2284
2676 3452
2637 3116
3158 559
2350 3414
2465 2369
3036 3191
3365 2908
3182 989
2657 1682
500 464
1893 1280
1290 1372
2908 1580
1213 2208
574 251
3616 1426
3787 2141
3813 3162
2263 3307
668 916
1642 1069
1142 1481
2382 2380
985 665
1489 1116
1862 3680
2561 2447
3403 1388
2771 3020
1377 3199
3794 1607
1073 3697
2600 1955
325 1495
2947 3411
501 186
3246 557
2989 1371
2936 1586
2758 3575
2820 2142
1384 3194
1107 2823
2779 3201
2198 2887
2666 1051
1656 3160
1548 2884
563 815
2559 2745
3496 990
254 2500
635 610
39 3413
2951 1791
2470 2526
2286 711
3014 3617
66 3802
204 1845
2418 3249
1945 3040
349 2434
252 1768
3767 820
144 2217
1695 3405
3055 1841
2171 3455
1162 895
633 3415
1586 1773
843 1623
129 1391
678 44
3529 391
1540 1169
532 262
1248 3219
1057 3102
2459 2153
1686 301
2428 3257
1511 1804
2946 747
144 2945
3059 3470
73 1694
1138 3025
469 2276
728 933
1309 1723
72 3710
2788 3484
1573 2467
689 2446
1554 942
2285 2665
3563 3167
1934 1021
3727 315
1740 1366
1496 2680
215 924
2800 1158
3705 2426
1084 3417
1941 2629
563 2534
39 2864
3033 462
255 1133
3026 3120
3398 1317
3104 1815
1593 435
242 3032
280 2819
2068 790
1074 1067
775 3492
1952 2401
1305 2314
2773 1832
852 3006
254 2205
2765 476
2691 1492
366 2528
1183 2650
1111 1306
3533 350
2324 1807
1209 3365
2301 1054
692 2078
2949 2598
613 2692
794 3240
1979 964
3669 1988
2340 1085
2353 3319
2569 82
3437 2639
3118 3454
3050 2304
2476 840
2763 727
1387 2741
3650 3569
2954 1928
3208 3476
2477 193
985 1736
1992 1009
2150 2923
3438 3641
16 2638
2872 1753
945 762
1941 3734
2858 516
2975 569
2513 3301
3120 2503
2769 3198
2479 3015
355 2287
2338 1860
1002 3408
695 3345
213 2982
3434 3742
2328 1839
838 3555
1707 2876
209 3174
1362 2251
3248 3001
2369 2604
1737 3381
2571 3272
97 1964
2118 319
1957 3545
2317 2548
788 1857
394 609
2161 78
1938 206
2198 1056
3826 1267
2458 3133
3356 29
372 744
482 3759
3306 3376
3031 1759
1257 418
2221 970
3102 1475
1482 1389
3601 385
3442 3548
3411 131
1817 707
1769 3117
2887 3294
1432 3090
1108 1150
2786 2679
1848 2068
1617 880
2665 3056
2411 2561
760 944
590 459
2432 1390
1229 3292
3197 28
1622 1480
1310 1499
2893 3770
1925 208
2344 2653
86 304
192 3180
3165 515
2456 3451
1447 1215
598 3057
521 2813
2270 59
3624 2080
432 3667
2340 1045
1979 115
2999 2086
1130 2808
3608 937
1256 757
525 3214
2070 2012
605 3654
523 2076
2203 3544
2110 3288
3063 58
3609 1318
3373 1471
44 907
2921 2005
2384 1008
1143 2214
2130 1207
403 745
847 2621
1347 3499
3107 1154
2498 1314
385 1573
2734 3224
455 3235
2134 2240
2141 367
2015 1101
805 1338
1427 2728
1821 636
2083 2682
2169 2894
1799 1720
2392 1201
1680 272
205 3708
3326 2221
1178 3218
2010 354
3109 680
3014 2464
3358 3801
2205 1710
252 461
2967 440
3201 1251
2869 3737
1564 1903
1015 695
1744 2880
1256 2774
323 2487
1844 2645
2352 468
90 1258
1911 1214
1807 833
698 2449
1406 178
1697 2406
200 1217
54 2968
3326 1994
2018 399
70 2678
1764 681
3171 20
1093 859
3670 1198
1767 3763
3726 3335
3078 1151
2787 257
1863 2790
2085 3549
1664 697
3262 892
743 380
87 1392
3544 153
167 3416
1026 99
3609 1581
836 950
3235 3153
763 1905
1809 1805
2897 3189
2352 1640
3723 587
1158 3646
1691 3803
605 1482
1602 3252
1470 2835
2050 1078
1057 1801
762 454
2985 1620
1187 2721
2300 1125
2249 2772
3651 596
1303 2831
3708 3753
848 3038
3383 593
910 2943
834 2210
3724 2517
1520 507
1667 2412
276 3125
1123 2470
1142 39
2843 2334
3207 2610
1178 856
2747 3379
415 967
2608 3059
2011 2424
3124 3279
1050 90
1552 1953
2746 434
2078 3824
2796 432
1430 245
3801 2758
363 371
3350 2486
3712 1255
955 875
13 2630
1571 1697
896 3066
3529 1185
111 926
2453 3372
2489 1991
347 3378
2987 2082
2546 1789
1498 214
3244 2273
681 765
1073 1252
1602 2147
1189 3530
2243 3604
3189 2151
1350 2824
1826 1871
1598 1519
2485 883
2474 2822
1412 2051
2073 2691
2447 2134
3465 1416
1666 653
855 2977
3758 300
860 477
2102 993
39 1529
2212 414
1631 1856
110 2588
2911 2900
1853 3175
2898 3259
3180 3322
2153 2289
2763 3247
328 1170
570 906
2147 2936
1657 3586
2466 220
1877 91
3669 3537
2391 3774
3403 2801
2354 1127
89 1695
1541 1668
1329 1591
3573 188
3613 2622
113 489
941 3494
1454 1853
857 3071
3627 1601
1782 1688
43 140
3353 2477
2902 1526
2536 2581
2476 1274
2993 781
3176 2498
2074 2612
134 2990
3309 3587
3094 893
418 1140
2738 2927
2510 700
764 3508
2875 1638
861 1793
3789 3067
3510 402
3024 1945
1414 2139
518 644
3036 621
2357 2651
185 57
1981 252
1272 879
1393 2227
2389 1327
2022 2079
629 1576
1319 617
174 3446
2550 349
1519 2589
468 1336
3206 2504
2582 850
2401 1493
2786 2818
427 479
1016 1656
1127 3495
3023 541
1787 2441
2000 233
620 174
1274 35
1652 1779
3539 2820
311 1355
2533 30
3791 2108
1826 3517
1278 1135
2725 2116
3602 1068
3399 624
3691 1542
2426 3327
2317 3315
1315 712
976 3035
3317 263
2448 161
1582 1686
3283 623
3649 3188
750 10
3498 2150
967 1398
393 2998
2649 1283
3545 1312
2469 721
1736 2897
1674 1413
3478 1949
639 60
3499 862
1270 3112
174 3622
1067 1072
2467 328
1999 2432
362 3094
3413 2159
1484 1278
955 3010
1951 273
3351 3130
3538 84
2665 2404
2608 1986
374 1837
1586 3183
1641 2961
3563 2282
1843 2220
97 3777
3513 1285
926 3531
1673 1618
943 3813
2565 1961
3820 1690
2566 1434
1863 1412
3308 647
624 1935
3278 1569
498 318
612 629
1213 3603
3669 780
1073 1819
1311 1403
2522 3019
1968 364
1399 3441
3122 3808
735 1220
1641 297
3805 248
3568 2626
477 1451
2477 1332
1347 1957
117 974
15 1266
3285 1511
2717 663
2258 2019
2748 877
932 321
2167 3498
899 317
2278 2672
3130 104
2832 2130
3494 912
1021 3291
515 716
141 1895
749 2832
3739 3028
3713 3832
937 2593
655 1702
2497 1915
1951 2779
1419 2770
1141 125
1791 152
190 167
3211 1608
518 2614
2744 1040
3718 1441
436 109
3163 3629
1053 3357
2945 3445
1729 2969
652 551
3738 1109
1184 1228
1963 3489
3035 1700
2146 1470
2243 2010
1957 2085
1855 2993
534 2037
1887 2278
1859 2625
1928 992
1002 3532
984 3163
2920 2565
1711 1963
2857 3374
1025 3029
2020 634
3607 1627
1738 684
3236 3442
2409 2463
1658 685
1971 1091
3427 778
802 2789
3514 2958
3354 157
1725 111
3253 3069
760 1016
3529 2021
2343 278
1873 2228
3470 3500
2832 3688
1895 2366
477 1726
1866 1363
3629 3711
2933 1497
1573 2883
1605 2920
55 2259
3220 2046
475 1313
105 3389
609 2075
3193 185
3235 731
3313 66
29 949
3199 2748
3683 484
2001 3030
3231 2342
313 1320
1230 3510
2698 3418
529 3149
3486 1719
3357 1218
408 3321
2261 749
844 1585
1171 1273
672 2363
3201 2796
3098 247
2973 2257
3562 3786
1265 764
999 1967
2873 2576
3710 1555
214 1965
1069 533
1469 1374
773 14
3033 969
365 2364
2495 3699
1782 116
2412 2710
3423 1812
19 2459
133 1874
52 2875
2763 2413
837 1510
2948 1633
3306 1910
1679 3244
3758 1528
3741 546
2582 2644
495 2873
2938 1831
1361 585
1637 298
119 37
3124 23
2699 1684
3129 1998
1454 2538
3264 688
3715 2566
2074 2843
1343 3196
1657 2730
1883 3766
2629 3325
2476 821
1681 603
468 954
2690 742
2067 891
2804 2352
3776 3147
2415 1484
3480 394
1916 3614
3630 2457
2362 1843
3479 2223
2862 823
2031 2519
3241 2948
2153 499
3165 145
1687 597
1068 914
1870 2607
2263 3794
3392 1626
2122 694
349 2461
3791 147
630 2915
3772 3176
1078 184
1628 93
2851 3052
2337 832
2240 2423
2850 3687
2115 1288
3389 2358
1544 266
2185 985
1061 1932
2473 1160
2234 960
3507 1820
1434 2720
2900 532
2721 1159
1574 3276
784 703
3736 2792
3120 692
265 1076
2151 1550
1740 2859
3399 1548
2658 3317
3365 2126
510 953
2572 194
3686 1678
973 336
562 2303
3411 3355
1355 2579
308 2676
3599 3652
1843 2858
1947 1737
3173 3204
140 2425
985 171
293 3433
1296 1354
1309 2344
3642 511
3292 2907
1206 836
1755 687
3586 419
3488 3502
1952 2871
942 734
761 2648
2336 2606
2447 3068
3820 583
1652 1533
2069 105
254 2510
1673 2965
1618 3675
3551 2934
1418 3827
1245 3657
691 431
2335 3479
1415 1966
2377 1600
2621 1399
1105 975
797 1442
1223 2939
2088 2430
2475 1733
1221 3155
3828 2496
1513 848
1202 3706
734 2347
3009 2944
1251 1846
1153 2255
1250 1369
1286 2964
1574 789
349 279
593 2837
43 738
1925 739
2126 2800
3517 1245
97 146
633 1727
2945 2001
2145 3698
2699 2940
1133 3804
1490 3744
2328 1796
829 2490
402 3060
162 1834
3620 2815
299 631
3357 3041
1054 2429
2557 1161
2501 3264
1102 3234
2427 2863
2166 2391
2965 1513
1093 3124
374 410
540 2502
1545 3791
1175 3233
473 2661
802 2615
734 1658
1752 1873
1368 1090
2206 409
1842 3434
3219 898
2432 696
1200 2028
791 729
3308 3821
3418 604
1280 2408
1822 2026
1051 2586
2633 962
493 2888
2194 1665
1786 1972
1173 100
3112 2705
3673 3330
751 332
1455 88
2649 3164
1786 2494
2867 701
3485 553
472 1261
2526 3462
2917 538
1063 800
3414 1755
1937 3284
3513 748
1667 2354
3544 196
1270 754
1362 3384
3570 2838
3104 1541
344 210
3554 1767
2941 387
3130 2167
2869 568
341 2323
953 3666
3254 1311
659 3459
686 3017
2499 62
150 3540
2335 1606
42 7
3108 3528
1353 3161
2711 406
65 3377
1740 2132
505 1913
1001 3217
1939 3514
1313 1459
3707 810
1593 1394
3139 755
428 3132
2505 1223
2027 1010
518 3618
532 2879
2038 2300
3478 1516
633 1211
283 2360
221 1981
2032 1677
2770 75
1844 2115
2007 1892
190 503
1312 1225
1172 2112
438 2359
457 1324
99 3650
874 626
3644 3690
989 798
125 3344
1982 1216
1258 1437
2458 677
3794 934
3383 3295
1280 594
1245 1097
412 1740
3006 2941
384 265
1857 1758
3363 1356
2349 1190
160 3752
2488 957
2099 2428
2010 693
2935 2905
3067 1301
1336 1231
3043 2769
3299 465
3573 1396
2824 19
3120 2597
3271 3398
1946 3046
3283 1112
38 2762
1106 74
2398 234
67 2696
2375 1401
2879 411
905 107
2899 3619
2549 150
176 2232
2728 3656
135 1456
1407 2736
2869 333
2073 579
542 2855
2249 2077
729 2311
296 1882
565 2361
3151 861
422 2989
749 1430
86 3045
1128 1353
1744 1340
1074 2131
3465 6
2084 2499
1002 3390
3163 1747
2394 2937
278 1343
2092 3190
1665 97
1657 656
2356 198
1171 622
497 911
1700 1172
872 3602
1944 3485
210 2190
2050 1666
87 1467
1392 2265
357 2274
1164 2482
3828 2367
1377 2743
1308 896
1467 3220
2321 3407
3379 2893
1275 3501
1703 3671
1657 1284
1130 2828
1216 27
292 1281
711 865
1980 2335
3035 2242
957 205
2369 2405
3354 871
2848 136
1455 3308
1761 2608
2546 2292
3035 3023
3286 3022
1174 308
1338 3800
2488 3012
3635 670
1000 1103
288 1724
2181 1397
1290 1257
2304 1976
3799 2872
3141 1193
3671 522
1366 1931
1270 3505
2715 2549
3072 3816
2689 563
938 2099
3784 3401
358 2776
754 363
320 471
3826 1703
1985 1661
619 2752
462 3151
912 201
2018 1289
1290 1514
1434 839
1365 943
670 1783
185 2061
3396 463
443 2957
897 3817
2770 1096
191 1645
1671 1751
3359 1402
3166 2518
3162 521
237 1017
1132 1679
1467 2011
1836 1505
77 2419
394 3440
1515 905
3721 3538
2754 292
1527 189
3697 290
1968 2898
1791 117
2070 2901
1156 3564
3699 1031
3442 1639
3393 3509
2157 2616
2545 2729
1887 576
2937 1229
2534 625
476 2781
167 2161
3716 2024
400 2452
3202 2015
3335 3239
3098 2793
1450 2336
1958 3206
2344 2396
3459 56
1859 1128
1316 241
3211 1506
3169 1582
205 774
1842 556
2823 3807
407 469
2936 3042
2386 156
3289 1890
422 1912
3013 3466
3142 1001
837 1186
2509 110
1695 2635
455 613
129 137
1187 3134
1871 381
2720 114
1060 3169
1021 249
2835 3469
252 2655
627 531
2494 2536
2778 3246
2437 519
328 1452
3634 3598
88 575
1318 1249
2527 909
676 1044
1398 2842
1454 1973
3322 1163
1604 3696
2478 599
1605 2188
3078 3767
3054 3623
804 323
806 2230
1931 3251
3065 1486
645 2756
274 732
3468 3771
2061 3496
2637 144
2405 3150
3617 3616
340 3457
288 362
3779 126
2712 2321
625 1808
1378 2531
114 2226
3378 3286
883 3525
1855 316
356 1236
2743 1507
434 3740
977 2006
722 1113
133 2671
2263 1613
2916 1420
3833 2256
2094 572
2016 2522
3120 2600
2299 3333
2116 3627
6 2972
2781 2261
3800 2882
1402 3773
2813 997
968 3138
1360 1930
217 2187
2232 2812
2108 785
29 1962
3499 2194
2806 3404
2496 501
2837 3092
1014 2017
2733 219
3163 446
1337 698
2629 1468
2748 2040
1264 2088
317 552
1203 793
3558 2885
1567 3578
2122 3323
3556 2204
762 2478
1942 1504
3194 2118
2456 2777
1758 1884
3624 307
3572 2700
3249 570
2153 2421
1563 1810
554 2768
1633 1473
2248 3743
2375 458
3002 3748
2934 86
11 112
1358 620
265 324
2749 3104
3568 3523
1347 567
2948 2054
3459 1241
904 843
2626 886
3144 2618
2928 2806
3825 3456
3061 1107
3835 3170
1754 255 3427 298 3388 1113 909 1924 1251 2718 1645 2073 1677 2452 559 3079 2914 1200 2317 3069 1402 867 1670 2657 668 301 742 2444 670 2327 2979 2765 2724 1138 3679 2887 3560 243 1396 2791 56 2542 436 3290 1375 3813 1126 2103 88 2136 2724 2464 1723 2917 1856 134 2943 1619 2282 2364 2080 211 2670 1670 3025 1634 2138 395 1392 2329 2148 3566 2671 558 2385 2543 680 3125 2603 1261 1462 2247 3747 836 701 573 2476 2816 2100 2008 173 2955 1401 1391 3100 3070 2358 2640 2473 3761 3817 1424 62 3040 2725 1731 526 2601 654 2121 3168 416 2417 830 3823 3182 3605 326 2081 1831 1850 1003 3372 2315 1778 858 590 491 1953 6 2551 2290 3742 1966 3153 2225 2978 853 473 2644 2879 3241 2920 3282 3092 2040 2138 1596 3670 1719 912 2916 3704 3679 3728 306 86 3216 3688 1181 1987 3187 2110 3103 413 1344 1830 626 2956 204 2278 1036 3483 2342 3306 1940 2683 2207 1620 1041 3519 1173 2887 384 394 3741 1446 892 538 3699 3396 2227 552 2928 1361 724 1877 171 2857 1601 3822 3835 3385 1876 2026 2535 1179 3175 2416 3467 158 3060 2707 3663 3573 3032 3450 1255 194 2096 1681 1108 1493 1941 1697 2218 3226 1302 3221 1985 160 1793 235 164 2448 3487 1229 3087 2866 676 1427 641 689 3630 2465 3666 3615 1566 1465 2285 598 652 1291 206 3354 3546 1969 1814 471 1915 3169 1223 3348 903 2762 1891 1001 2959 3709 1159 1746 3307 14 860 1284 2902 441 831 360 2325 57 1164 433 438 2917 2796 3141 2470 3191 2251 2288 25 709 3 637 3282 820 2665 1626 1445 2779 1505 1621 484 911 486 1566 846 1636 2733 2990 2862 264 839 2428 846 1979 1889 2533 39 447 2555 1147 2848 1594 683 2803 1732 1933 308 670 2450 104 1343 3150 3476 50 156 3269 206 3326 2249 1425 1119 3671 411 1374 2497 148 771 2150 1346 701 1199 2721 2435 3251 1279 246 95 2202 533 1947 2118 826 3829 1127 305 782 3199 2915 3135 1533 3060 2763 772 3663 1674 2754 2611 2077 3168 3551 1232 198 2951 2768 47 3424 2773 3606 1011 3456 2905 2269 3476 2009 568 3264 3362 444 3245 2239 2241 97 1911 2403 2713 688 65 3507 2819 2897 134 896 2569 3790 595 2012 2959 764 3079 795 2056 3667 1639 3616 1170 2367 3468 2115 1155 948 3650 2168 3835 2633 649 2494 2060 702 1102 2951 1446 804 1762 943 870 716 1594 2084 1304 3204 2181 9 211 2240 946 1913 1968 2748 2085 2135 1706 595 4 2372 83 535 443 1611 1830 101 2880 3515 1662 93 2725 1943 3825 3564 2450 1023 3533 2261 244 1604 655 3798 2387 2702 3759 1436 2373 3015 2645 3818 146 3544 1533 2479 2105 558 2623 2513 2245 42 470 338 729 3800 2122 3520 1974 1077 1861 1225 3764 2877 2520 693 1380 553 1406 2706 2806 1391 392 3622 3157 2759 1989 2633 2374 1880 678 1386 1099 1329 2303 2953 1951 692 2521 2721 3005 86 328 201 525 3441 2733 1797 1634 2139 676 2983 2922 2623 65 1834 2165 3050 726 3263 1608 966 1991 2052 2712 1454 1812 599 419 2042 462 2160 1637 1373 2629 2553 1508 678 2077 1817 201 1676 2501 3160 1119 3356 2431 1819 2788 1397 2028 3069 3433 1882 820 1765 3806 587 1849 2755 470 2102 2330 2459 755 2880 3727 1824 3333 3379 3103 1430 3478 2756 2373 769 624 3760 1473 1591 1007 1295 1094 2384 3453 3516 1952 1739 3201 3170 3197 2475 3368 929 1083 666 623 608 294 2771 2504 1854 3027 2180 2065 2809 136 1584 1909 923 1836 2002 2217 493 12 3052 3744 1095 3667 1148 2478 335 3201 3151 1684 1751 2266 1071 552 3209 183 2167 3596 3012 1454 472 3016 3199 860 965 3130 2749 1910 1203 2191 3272 228 686 1151 232 92 952 2107 1355 1446 297 212 577 1789 246 159 1395 315 2871 3518 1302 3431 2057 3186 2693 3537 97 3032 3144 147 1287 2871 1669 3766 3463 3683 1017 2221 1081 2185 1535 197 3373 146 711 3359 3805 2898 150 1382 2910 1541 3578 3432 681 2363 879 1119 2162 1539 1926 1853 2299 1793 32 3356 229 1644 2545 3658 3072 960 1965 1984 2166 1797 3559 2829 329 1518 1388 3675 1736 619 547 2613 1454 284 514 2716 2786 2100 3161 2267 993 932 801 2724 1095 1578 3730 2779 3548 2735 2175 2764 1563 899 3078 1068 2113 2695 3121 3613 3123 1780 3046 404 3204 1791 1952 2796 1437 1820 983 1557 1173 1080 549 299 1959 521 2282 2901 2393 1818 1897 2626 2513 2979 1410 740 424 1386 2837 1310 1708 3355 3728 1296 3700 2891 1029 1947 1103 747 2422 2903 1777 296 1211 1159 2539 1873 656 3161 3198 2946 824 2293 3034 3637 1936 2615 45 318 1615 3821 862 1998 3375 2668 315 3689 117 2101 281 3147 1212 1946 3158 1157 1029 883 2931 2654 2208 480 134 3311 144 419 3256 1056 330 2033 2698 3561 2928 3794 733 182 3031 2072 2164 2226 3045 2396 1207 2399 1820 1975 1693 1760 3689 2246 1554 1874 474 2257 557 231 879 916 3475 2231 2148 298 2473 2463 3488 2493 1211 2776 2782 2840 2911 2408 391 2842 386 1655 1233 3685 1111 2181 1355 2166 466 2572 1821 1435 1368 545 1353 146 3146 1702 1235 3163 2181 59 2993 2053 2070 3238 3261 3784 978 46 165 1456 1902 272 2460 3027 31 2431 2048 277 659 3346 3656 2600 2623 3027 2384 3717 3532 3388 828 3135 2368 969 2183 1 1347 816 3291 3147 874 1045 2037 1575 1495 1977 2113 1939 588 3395 2613 881 1486 1944 105 2423 3645 805 22 2479 3696 1860 2546 1639 1095 2300 2795 1694 1176 3015 3284 1690 3247 244 3256 933 630 403 1223 332 3197 3229 3277 354 1665 3212 1004 119 366 3319 1220 2830 780 495 2009 1544 2512 1674 3823 320 1595 2896 3469 434 3147 1387 3051 3333 2457 3430 3437 3319 2409 3729 3392 2337 1092 2524 1401 854 1191 2250 351 1792 608 48 2687 3487 122 2318 2813 3234 1346 1027 66 2046 3756 1795 749 1612 2729 3758 2509 1598 3816 2896 2689 2316 2961 3287 3016 958 2923 2157 360 3454 289 3222 2584 2411 1288 826 274 3312 1263 1327 1122 518 1714 1247 908 3386 1560 2895 921 1189 1919 2857 1918 1477 100 2052 3027 193 646 1074 483 1975 1776 3695 2715 1058 1489 3441 2789 1124 896 3707 748 3417 3092 1197 1656 3288 1816 1723 1381 780 2447 3709 2212 656 1856 789 2970 3621 3354 949 2401 1920 783 808 3257 2318 1685 2874 1220 548 3819 1806 2159 2098 2118 2138 400 3499 2975 1134 784 1785 41 2264 1053 2698 3668 3625 2398 3353 734 1467 1509 373 63 826 1465 715 2361 1382 3424 1303 978 297 895 1791 2969 2804 503 1911 2095 3633 2794 2904 2189 3442 20 3426 1052 964 980 3613 1522 3147 1421 1010 1880 2294 195 601 2542 2873 733 1157 24 1492 1307 195 3008 1966 2319 524 2877 175 2390 3144 3358 2767 2407 1226 246 2805 522 3023 1447 2924 1453 1986 3105 434 2349 1769 1819 127 334 2182 2775 2088 3718 1837 87 310 1153 2212 1234 3397 48 1411 811 641 3016 3234 3558 1471 2498 3075 2560 1374 535 3425 1374 2896 3627 2526 3402 2519 1011 1816 358 1233 1810 1950 1440 3154 212 2789 3587 2040 3657 1296 2155 1794 1165 17 765 1287 1489 1299 1581 1796 2851 2510 875 276 3163 977 3192 1779 2123 993 2095 556 2887 221 1692 196 3810 291 162 530 1108 1352 569 768 288 1022 1118 1401 2788 3763 622 753 1955 643 930 954 1639 7 1882 2065 2146 3831 3405 1932 1515 3732 2497 1173 3731 258 3750 3558 1086 2901 1639 2223 2 615 3536 2214 2223 414 2575 370 637 318 1895 248 257 3084 2125 2095 672 2829 125 1469 2336 1205 2935 1351 552 2523 3202 1459 3816 2715 2149 127 3058 3530 2587 743 1115 1490 2718 3811 372 1915 1215 410 470 701 2649 3062 3319 1386 1788 1873 2618 1242 1327 3746 1893 516 881 2040 3187 1167 11 3481 3047 1207 2729 3719 2043 1472 612 1244 2897 3560 1765 2810 2506 1143 2910 374 519 2839 3123 1063 1908 2975 1718 253 380 1767 3771 978 540 145 1413 3425 3811 1466 3411 1307 350 2995 3825 3423 67 15 209 3042 697 1474 1454 1183 2458 694 233 917 2472 3759 2542 1054 2964 1603 995 3444 2071 1108 757 2506 3593 3519 2773 3702 3537 1751 3105 1112 154 3053 645 2873 708 375 746 3497 2675 3350 407 3286 5 217 1670 2828 868 3343 1496 878 1609 2265 2532 3759 1871 2964 1392 362 343 2275 3411 3242 1245 558 2154 837 2508 3120 428 2989 1176 1481 1927 1002 596 1571 1702 1024 646 1403 1068 634 889 2114 3162 1438 3421 1386 3638 144 2541 3511 1899 2513 795 2284 628 2013 462 2905 1761 201 243 3792 361 2452 702 2606 2574 2680 2716 933 1474 1826 240 3198 2225 2855 1812 939 1131 3095 2859 2798 2223 2095 1758 1046 896 3698 104 3166 3562 514 923 3278 426 2730 1775 1261 2014 455 913 595 2515 2280 3123 929 1340 2256 1477 1984 2254 3543 1733 1683 2073 2227 1513 944 3432 3790 3835 635 2657 2317 3676 536 2768 2536 2528 2776 1326 2674 2626 32 2762 2960 2886 3150 3615 2643 1934 1639 1719 287 3080 770 2720 2231 2106 463 745 2682 968 458 3 2506 984 1969 1787 2603 86 2042 3040 1529 727 2525 237 847 1683 2776 184 2904 690 1762 1574 1314 1020 1116 2018 1488 1726 366 3549 3811 2842 870 2972 3195 1482 3752 2647 932 2601 2046 2646 3401 1767 3801 2234 3440 3548 3489 2748 1347 2611 1770 330 1083 1544 2620 3832 1062 1992 531 1678 1793 3346 271 1160 3582 2372 2212 799 1735 2120 3344 2046 2445 944 309 2068 24 2499 763 3700 2197 2352 1640 3608 3694 3593 2978 1663 2575 273 113 1972 1043 2564 564 2059 860 3391 1264 2395 234 2867 2571 2993 1260 3238 1731 1980 382 2513 1810 2354 3795 3633 1146 2895 3136 1970 3745 1841 1312 3512 1169 78 3328 3699 2423 1056 1776 129 1446 1845 907 112 2885 715 3802 1744 3214 165 3536 2778 1120 413 1565 341 1265 1348 3662 1171 2157 773 2050 3036 107 1225 2612 2580 2733 286 1102 2325 2112 2187 1284 392 2403 778 3296 3543 2694 3054 2957 229 1026 316 3550 389 2117 3112 2023 1494 3058 3294 3640 2109 2967 3478 3723 1861 3060 3088 3661 3271 1257 1657 2651 2434 2617 449 2285 484 837 2953 2537 2750 2425 3677 2911 2566 2910 619 10 3713 121 1984 2685 1845 1518 1866 3178 2206 1153 3605 3651 1656 1184 1700 1278 3380 501 3563 3761 2580 2971 3650 1270 1915 3451 2093 1553 1532 1834 2036 2856 59 1894 1128 2169 995 1290 2984 1465 3342 1891 3749 3549 1858 2468 2996 661 300 3021 1641 192 2082 1321 2340 1744 2904 444 1239 1119 1265 2498 3247 563 2660 1057 1984 2122 3096 1951 3765 1525 2652 942 516 2138 3778 3394 3390 1426 2653 1236 1768 3776 497 1615 596 2013 30 1604 1424 398 5 3676 670 1292 2887 57 1439 1194 3261 2674 2736 2179 3653 1702 2786 1040 17 75 1458 1042 359 1898 1181 3447 2047 2944 447 2407 1641 3520 1144 3440 3089 2203 2405 1635 3363 2529 1682 2490 1343 449 3515 508 3567 1416 2105 3211 2159 742 1207 119 2258 3727 379 2667 397 71 3184 3084 1532 2932 3067 3366 410 2285 3389 1320 3151 893 2546 1841 3078 732 1513 3563 1760 3091 3494 3426 2805 2563 2030 3105 2466 2719 2478 707 543 1469 323 3203 3672 2264 829 514 1050 1522 1215 1627 423 3363 1050 2465 1419 2161 1712 1994 3717 2153 3413 2730 3345 474 2614 2433 1213 416 2105 331 2842 1957 3469 641 3327 124 70 2772 1497 1468 2642 345 221 644 1215 1746 1744 237 2875 22 380 316 2769 3217 597 551 3585 1538 878 2290 3180 1187 1174 2920 1083 2953 3801 3679 941 1694 522 283 1773 345 2156 2181 261 1640 2425 416 92 133 2169 962 857 2216 3690 1240 271 1549 273 1636 1956 2956 3411 1296 536 2200 2062 2213 986 2167 2866 3297 2794 3132 1227 3273 2846 919 305 3791 2705 1337 145 3315 2172 2335 1342 676 2374 1770 3129 1657 2773 3410 1259 3183 828 356 1294 2819 2876 2093 3566 3160 3793 264 3063 924 367 2867 2704 3502 2244 3755 3098 2154 1479 3035 3702 1780 2866 557 2430 2169 859 210 2432 1304 115 1491 2772 2317 1306 1255 1605 2889 1093 88 3508 3828 3174 476 2548 3520 2451 3351 3670 2226 1421 1287 3448 3355 2871 2306 2853 2586 3449 419 1125 139 1536 1487 1991 3217 1190 2182 1524 724 145 1577 2268 118 2102 2187 1787 1992 571 3832 2241 2849 1977 814 2410 330 1744 2178 791 1659 2868 1919 1177 958 804 1859 3061 2796 1134 2617 3467 462 1961 3656 218 460 527 3408 825 3477 101 933 2472 2887 2110 2512 3726 1402 1011 2337 2827 2274 1641 3013 1518 1782 3038 3804 376 2054 1506 3594 1128 2934 1155 3780 3056 2330 2905 2639 3024 3178 1980 1893 1736 1276 3093 2002 1240 496 3277 1254 1107 1034 2168 2782 2126 3660 2036 2647 3495 2584 3541 2755 3503 2581 1519 1126 807 442 1286 277 3486 57 754 262 3401 3667 3653 200 71 946 110 2180 3216 927 3821 3309 407 109 722 3306 1484 523 1623 2157 1405 1954 2793 2055 3448 3171 1245 3196 362 2937 3116 1402 1112 1320 2757 1791 3692 2393 3378 1608 3498 1208 2394 3703 526 2000 1161 3103 3399 3125 2995 3598 2726 667 806 1359 2677 3450 1299 711 1110 3665 3059 420 314 1496 910 2974 2631 35 2132 3790 313 2544 2341 3353 3261 3462 893 1409 909 1492 3310 3740 3093 1601 341 3663 3334 2195 3332 3554 3184 461 3393 802 185 237 1224 1724 1128 3451 2152 2799 2634 2608 715 3204 600 9 2211 704 675 535 1055 1360 117 443 2982 456 302 2476 2540 217 1902 3202 2542 1515 3152 3760 3746 692 1463 246 3462 2920 2186 2800 338 3602 1194 2381 283 871 810 89 2013 3454 2555 2163 3491 2522 2501 3116 1258 3819 534 1035 3030 1984 1724 779 1710 142 698 3760 2791 3435 381 1202 2727 1245 3769 3011 1535 717 3108 1795 60 841 1075 2070 373 564 3741 3662 3302 3717 3296 2756 1684 2246 3671 1068 1469 253 2723 961 3789 2149 1255 3594 1037 2054 2860 457 1797 1190 1722 2517 3211 3674 2240 2423 3400 3800 3360 1235 185 3562 2524 3099 1400 2136 3538 1920 2655 2120 3246 3339 2489 3110 595 358 939 2389 3105 338 1504 2313 1288 2754 124 39 3816 3041 526 1387 1418 1235 1631 1101 256 297 1189 501 2504 1762 2544 3584 1173 2173 2117 663 2678 2876 3224 2669 3017 1529 713 2615 2461 1552 3596 1250 2489 157 2013 1404 2299 2913 1285 68 2761 3612 2588 507 1017 1876 1397 3540 1770 3030 1489 3347 2316 418 1753 696 3301 2440 421 2794 653 3622 817 221 3796 1733 2028 2766 1154 1876 3764 1500 2012 1574 1968 488 2260 2924 3025 908 3434 2997 2093 42 2932 1350 1138 1120 1630 725 3575 1229 1622 1016 3659 3058 310 2298 3276 1847 1210 2102 253 937 3830 2702 1992 455 2398 3051 3561 757 3652 2283 203 3157 3673 1103 2505 2181 831 805 992 3084 1897 550 761 478 2487 2924 661 1278 3574 1949 1590 1714 1726 3814 442 2364 3116 163 2970 329 1283 2417 1200 3373 3221 1915 250 1984 1269 1754 3517 3803 1419 3454 526 1312 190 743 222 52 1503 2450 1422 2723 988 427 1210 2137 435 2769 362 3833 3366 1962 3262 2928 2198 787 3426 1403 844 1516 1931 564 3211 2029 3731 2726 1564 2006 3450 1114 2458 2931 371 3723 2278 2808 1654 704 154 3460 805 114 674 2777 743 339 2584 225 143 3330 2880 685 2698 3135 1715 2089 3508 1525 3492 94 1942 789 1470 1613 2922 1839 2029 830 3402 3296 1153 1763 2905 869 378 3367 3051 3512 3210 1286 1346 622 734 1636 2532 761 947 2655 1233 2434 1587 888 2668 2933 3110 2824 2865 3198 2289 693 739 1823 635 3500 3162 3716 2973 836 292 1096 3113 2913 303 3245 2588 622 1771 3222 898 2348 3135 1448 884 773 2453 1667 1168 3803 1910 1767 1231 856 2831 13 641 3272 2609 2927 2603 3797 75 2970 1324 1018 3506 3494 1966 1907 3542 2278 3165 3387 561 132 2806 2965 287 2154 2979 1044 272 775 47 656 85 283 1936 22 2110 3240 1982 3090 2760 3564 1450 557 3076 3799 2844 2429 1279 1307 721 3153 1809 55 781 3750 3677 1675 525 419 679 146 3544 1263 457 1833 579 1891 2978 2686 1981 86 2096 275 1879 779 932 2346 3508 1465 572 3213 2430 2569 1828 1757 2464 2151 222 702 1514 3423 3140 398 2794 2266 1907 3292 3532 1286 3592 2143 846 2486 1831 2430 2291 1173 1775 3023 1924 3814 1972 1901 623 146 1304 2826 2937 852 1811 3297 738 1713 807 1725 2164 1971 2622 3765 2342 3044 3581 681 3020 2226 3106 1389 3509 3666 2349 3119 932 3716 2126 2466 1567 131 1340 2897 2907 213 1474 1915 2216 434 2785 234 809 2969 3505 813 1322 1665 3405 2162 1895 596 3448 3049 2115 3177 2925 392 1696 2277 2313 2347 3637 2250 3616 2263 474 3731 641 1752 3354 511 170 787 1893 2468 3543 499 2701 2876 3263 36 1888 2730 416 1134 3391 83 3324 3551 2738 3402 78 3121 3363 1243 1160 1607 2138 3167 1560 1831 469 1323 124 981 1050 198 3006 198 3815 3554 62 3793 1501 3519 1276 3270 3354 2159 3025 545 991 1084 2027 2059 3463 3737 3258 662 3097 3797 3747 1748 2583 2337 1299 1779 2491 3773 3704 3380 516 1584 576 3729 354 2659 695 1300 1375 1514 3612 1490 2612 2357 1376 1322 2262 3500 1348 1540 3659 739 1277 75 2590 962 1509 936 411 2007 742 3034 841 2203 1177 890 1221 277 3153 589 3456 3393 429 710 1649 717 3001 841 1982 2927 229 534 2091 503 545 2846 1999 2942 116 2615 1636 1937 1405 3093 155 1660 1237 327 3669 2540 2035 1446 3767 3532 1670 1050 68 1219 2722 2712 1729 2064 3549 1168 2560 1619 1222 3322 2079 1857 3349 1192 2002 578 3829 2573 2712 2872 2910 1150 1115 1666 2513 1006 1922 1887 1326 1144 3790 590 2968 347 2068 906 2444 2956 828 1699 1942 3335 3263 2650 3356 1158 3802 2359 387 1243 2276 2368 1695 3582 957 790 844 460 3432 2524 2130 234 2064 844 3345 1637 719 666 1731 8 2755 2498 3680 2677 2214 36 2690 1724 3761 2754 3085 3270 159 3052 562 2829 3354 2012 1999 56 2644 1511 1301 3426 57 3339 3282 874 492 2020 1106 181 1560 1834 3783 249 37 3693 3221 1578 665 2094 28 2625 2054 1831 588 2412 1359 2281 1791 2448 1843 640 2625 2034 2954 2327 728 653 3322 1900 555 1111 2352 3312 3239 2117 3473 858 2516 1932 2293 2267 2440 2556 3662 249 3329 315 3698 1952 558 2856 1451 611 1625 1278 582 2972 2096 1956 2968 2830 549 1919 3295 964 3599 1454 1311 1936 3470 3589 2113 3421 3670 2506 2214 2980 2143 103 3238 2084 1483 15 2544 2460 1998 1658 3703 3202 1751 3064 321 2768 2535 3432 1030 888 2723 363 3099 3588 759 1022 1547 1496 1520 1719 877 3834 489 255 1207 3557 1809 1164 2279 796 966 2542 1606 3132 2535 330 70 3084 1852 1072 1129 499 2257 360 178 3419 1079 326 2235 3220 2058 2562 820 1122 1114 204 3454 3094 3550 1317 1219 1484 2324 2510 1638 2491 3120 257 1333 2315 2756 1490 73 1847 3049 1382 1502 1393 3377 930 2958 1224 2196 262 1911 1796 2614 1301 498 2645 165 3168 146 1238 2264 2288 1058 1798 1037 2364 3046 3408 1830 2527 1739 1377 1576 1450 2569 1093 3208 2277 1947 3288 3665 3601 482 1021 2404 1190 1908 1650 1363 863 1786 391 291 2519 3608 1909 214 2763 3631 1199 426 1604 3182 351 2986 3744 958 2520 527 1397 176 2171 2639 157 1870 867 1218 839 3399 702 3609 2795 1904 1458 1222 92 3297 1442 78 815 1990 57 1808 3089 2404 660 3643 2756 491 110 301 1989 1617 1763 176 137 1745 2423 3389 1872 2206 782 825 3234 303 1221 3719 2728 1765 2341 2992 2892 747 2012 3245 1823 1796 178 2543 3632 1422 3532 2449 458 3009 1725 2705 689 3824 348 54 2008 58 1734 1493 3007 2372 2806 1733 3657 1132 2627 3631 142 2345 2388 477 2670 1827 410 2875 3787 230 2788 45 2944 2805 3634 2112 1648 1703 1694 3590 2033 2615 1848 2816 3546 1243 1586 424 461 380 1455 663 496 2318 2364 3277 1506 2696 1372 2395 1486 3623 2249 2309 3023 2137 1292 2837 3464 3455 1290 3720 2474 291 1179 1581 1053 918 1661 2601 2707 1364 3159 2040 1843 1332 2390 2430 1553 1602 152 1614 1323 2555 2837 3690 2949 832 2333 1908 2625 624 3648 1145 1963 35 3757 1952 774 1037 596 1661 3060 385 3413 947 1669 3078 1576 2546 3777 1113 202 1563 2302 1121 3117 3380 3281 3579 2314 2581 3536 986 90 2279 1147 1582 3555 1151 1458 1861 406 454 755 1066 2046 509 3218 1330 1548 1894 36 557 3283 3330 1640 1948 1 3577 3474 838
