245718720
492653373
708077506
492653373
293589895
656511971
212733276
623815984
909512481
938058030
656511971
76603103
135821778
843760187
371272163
724162898
81060
180028942
638936206
371272163
561997304
264771097
109206006
371272163
904407753
126546391
11369408
264235774
663789807
76603103
492865580
893191165
219254919
371272163
488219570
121745991
634027071
371272163
723281468
32858141
585925435
979272192
344186231
665811844
525921571
753031249
180028942
128193369
954633927
274398271
371272163
849686389
371272163
76008335
76603103
630971208
656511971
585925435
634349195
396034619
634027071
371272163
371272163
76603103
371272163
180028942
492653373
742420547
492653373
605667573
60205369
788220459
513552783
4721598
76603103
794215690
371272163
371272163
126546391
817438287
915155274
569351073
954633927
909512481
496268970
827385925
236288709
800394036
180028942
371272163
336026594
180028942
746415459
513386594
371272163
76603103
362971897
132805301
889661157
856450710
973643513
412968737
383246002
513386594
982098579
687747559
657606097
371272163
659540643
8540
76603103
834242698
430310400
692067547
220114304
180028942
440099214
657606097
742420547
687747559
610621284
775579154
40360320
371272163
76603103
477574125
76603103
624911539
440149142
909512481
117898090
488219570
488219570
915155274
989818076
608053393
371272163
610621284
66767176
616615289
180028942
76603103
23932
76603103
830424977
66718493
76603103
800781959
742420547
298352958
830424977
896637166
71024946
197209095
126546391
742420547
734046752
293589895
845934055
180028942
936429498
274398271
742420547
909512481
462324251
387348417
76603103
236288709
76603103
128193369
180028942
849686389
513386594
766946998
908535392
835595267
804782439
1432839
492653373
569351073
180028942
819592087
261562336
495520128
896637166
954633927
440099214
855153326
684897465
909512481
371272163
488219570
371272163
973643513
180028942
268683641
830424977
51422454
492653373
742420547
