200 200
156 193 83 99 133 130 27 69 149 196 9 194 36 153 124 162 112 68 71 27 65 37 182 91 183 200 150 54 187 31 89 45 10 93 170 126 55 77 147 105 105 91 175 43 60 110 90 199 172 38 47 52 149 122 61 28 5 174 157 33 16 113 185 139 139 50 11 44 28 21 20 193 124 48 13 189 115 114 98 183 172 163 104 88 74 82 86 185 17 78 126 6 69 77 13 22 148 100 22 195 178 158 150 36 59 172 103 61 79 11 120 147 52 39 136 106 133 74 32 166 162 166 182 62 22 2 60 57 177 106 93 197 45 85 174 15 147 72 143 132 60 128 32 180 12 110 28 113 132 40 124 130 21 140 38 164 142 28 134 28 26 132 38 82 54 105 36 68 65 130 40 193 119 115 109 19 181 173 106 65 168 144 131 6 133 33 144 108 104 45 37 60 124 182 115 23 45 28 99 113 
2 81 148 77 115 
5 97 168 47 109 1 98 61 157 48 79 
1 102 173 
3 46 159 23 90 5 90 
2 64 97 96 124 
3 15 176 36 116 78 171 
1 98 161 
1 117 180 
1 34 123 
1 75 161 
2 54 176 39 95 
3 41 154 47 103 8 197 
1 102 192 
1 168 183 
5 60 193 42 190 152 179 121 168 8 10 
1 85 148 
1 70 72 
4 70 75 42 153 33 167 69 159 
2 51 86 92 196 
5 67 192 125 133 36 172 47 119 128 145 
2 17 116 108 120 
1 86 111 
2 153 177 98 194 
2 130 159 45 191 
2 15 84 73 88 
1 7 158 
2 135 152 168 169 
1 53 109 
1 101 181 
4 74 91 5 153 34 195 118 140 
2 64 85 26 44 
2 33 62 73 200 
4 2 123 42 63 147 197 18 82 
2 13 134 96 198 
2 55 138 31 84 
2 190 196 159 200 
1 81 114 
2 32 88 63 188 
2 13 115 78 133 
1 43 80 
1 123 178 
1 79 85 
1 126 165 
3 69 107 103 137 100 177 
2 69 100 9 32 
1 62 158 
1 31 168 
1 11 107 
2 25 142 74 86 
1 77 136 
1 38 195 
1 56 143 
3 55 60 34 141 18 187 
1 94 108 
1 2 192 
4 117 171 67 112 61 90 84 186 
2 57 176 41 58 
1 127 181 
1 76 96 
2 82 121 90 113 
1 79 108 
4 20 156 117 146 20 46 111 187 
2 41 194 22 93 
11 109 157 20 87 119 137 44 71 146 195 8 123 68 166 10 101 46 179 94 197 110 119 
3 63 130 119 196 15 200 
2 17 133 81 170 
3 185 187 2 98 55 170 
1 48 107 
2 32 160 2 117 
4 9 83 18 157 179 190 15 119 
1 139 169 
1 66 106 
2 60 104 81 96 
2 6 34 147 194 
2 96 160 4 186 
2 80 144 1 49 
5 17 167 126 128 58 141 111 183 138 164 
1 41 190 
1 7 144 
2 80 148 50 115 
2 130 134 132 154 
1 99 124 
1 47 150 
1 48 121 
1 64 82 
2 26 121 2 36 
6 125 146 56 99 120 164 87 130 68 197 142 174 
1 20 79 
3 34 166 53 143 118 128 
3 46 147 157 185 68 199 
2 64 96 168 185 
6 142 144 55 55 64 95 88 172 25 68 38 90 
1 134 159 
3 61 72 24 98 47 182 
2 29 112 69 191 
1 6 183 
4 145 163 70 138 152 165 98 165 
1 120 134 
1 123 187 
1 19 102 
1 129 198 
1 16 108 
1 9 40 
4 21 122 97 178 69 141 53 124 
1 90 174 
2 19 84 75 131 
2 1 113 35 79 
2 43 183 38 67 
2 149 198 159 174 
1 55 57 
3 12 200 98 128 88 112 
1 79 97 
2 9 30 109 120 
1 97 145 
1 119 147 
4 75 116 42 93 53 86 43 173 
1 32 101 
2 2 113 19 46 
1 40 114 
3 86 124 184 194 17 102 
1 35 95 
1 51 92 
1 137 147 
2 30 104 85 198 
4 11 196 44 102 4 44 94 177 
1 121 133 
2 34 109 8 184 
1 139 182 
1 50 108 
1 39 123 
1 90 130 
2 38 141 73 141 
1 33 138 
1 130 152 
1 93 117 
1 109 159 
2 53 184 13 86 
1 40 95 
1 55 174 
1 122 165 
1 37 174 
3 5 123 119 132 22 197 
1 72 73 
5 110 183 19 40 170 200 5 165 29 102 
2 78 151 74 195 
1 157 190 
5 108 110 55 163 20 67 4 78 2 193 
4 9 42 52 182 70 83 65 101 
1 23 108 
2 126 147 24 88 
1 75 199 
1 16 143 
1 14 57 
1 93 120 
1 10 158 
1 45 111 
1 6 52 
1 65 124 
3 114 155 44 90 187 196 
2 29 100 42 167 
2 5 32 58 122 
1 81 141 
1 39 110 
3 96 115 36 103 74 129 
1 66 118 
1 73 181 
2 8 184 122 131 
3 112 198 57 145 119 145 
6 6 177 78 172 58 172 56 143 63 161 52 193 
3 35 109 10 75 165 165 
3 21 115 111 132 81 173 
2 59 91 77 150 
1 22 179 
1 107 151 
1 24 105 
1 74 132 
1 10 117 
2 149 168 18 79 
2 5 58 4 170 
1 97 130 
1 42 171 
1 2 14 
1 158 166 
1 45 67 
3 23 61 19 157 20 56 
2 167 169 46 149 
1 30 93 
1 85 113 
2 7 70 152 165 
1 26 123 
1 36 183 
1 20 136 
4 29 148 40 44 51 137 47 185 
1 127 193 
2 124 149 23 171 
1 149 162 
4 171 197 81 194 33 46 115 153 
1 17 28 
2 19 172 3 41 
1 21 108 
