887 4831
634 87 0
612 185 0
749 574 1
791 865 0
615 479 0
830 776 1
795 884 0
733 826 0
787 701 0
829 509 1
771 824 0
754 851 1
836 862 1
853 56 1
614 568 1
806 761 0
702 336 0
448 187 1
295 112 1
278 349 0
552 345 0
355 50 0
35 143 1
800 849 0
718 712 0
497 402 0
466 653 1
474 771 0
579 502 0
719 361 0
886 643 0
298 765 1
577 265 1
101 818 1
207 813 0
686 741 0
402 814 1
668 225 0
520 210 0
191 618 0
498 743 1
658 850 0
718 685 1
294 451 1
95 725 1
439 154 1
753 598 0
271 417 1
536 695 1
774 197 1
762 187 1
583 390 1
1 62 1
737 599 1
576 330 0
428 821 1
814 877 0
270 691 1
547 303 1
844 868 1
528 587 1
426 223 0
834 661 1
555 208 1
513 250 1
88 351 0
322 808 1
119 533 0
384 394 0
644 344 0
698 657 1
518 208 0
553 825 0
541 779 0
789 790 0
565 538 1
778 255 0
872 874 0
696 668 0
326 506 1
355 392 1
528 373 0
626 696 0
610 276 0
706 660 1
763 265 0
651 634 0
837 665 1
883 864 0
870 350 1
860 827 1
596 545 1
628 376 1
278 206 1
470 588 0
504 594 1
507 874 0
734 559 0
361 639 1
751 404 0
445 734 0
385 843 1
170 376 0
335 587 1
678 740 1
763 331 1
793 370 1
245 834 0
587 662 0
116 798 0
410 282 0
351 852 1
124 450 0
347 26 1
270 643 0
352 598 1
426 554 0
835 133 1
357 119 1
327 8 1
736 707 0
883 879 1
839 420 0
460 253 1
750 191 0
462 151 1
508 638 0
121 887 1
325 724 0
42 878 1
748 851 1
746 401 1
654 425 1
423 613 0
693 844 0
247 707 0
757 108 1
847 322 0
735 573 0
657 140 1
180 223 1
651 865 0
741 853 0
420 327 1
886 476 0
836 693 1
472 474 1
285 863 1
159 669 1
182 536 0
827 497 1
526 559 0
609 858 1
714 189 0
469 777 1
333 549 1
689 275 1
672 873 0
519 644 1
705 807 0
793 855 1
284 588 0
681 664 1
850 177 1
191 461 1
885 397 0
118 569 0
638 416 0
770 700 1
602 526 0
838 874 0
635 703 1
863 864 0
867 781 0
638 636 1
135 722 1
333 671 1
514 551 0
732 714 1
859 265 1
406 623 1
436 803 0
54 646 0
135 299 1
32 94 1
82 377 0
41 689 0
729 670 0
145 292 1
160 422 1
468 1 0
647 866 0
852 747 1
773 822 0
181 482 1
461 304 1
605 720 1
517 809 1
571 861 0
162 92 1
371 800 0
809 769 0
700 735 0
871 884 1
826 721 1
805 877 0
843 851 0
875 880 0
812 228 0
401 504 0
649 600 1
302 576 1
398 748 0
501 548 0
885 479 0
726 745 1
869 883 0
640 216 0
845 792 0
613 98 0
666 358 1
296 356 1
414 393 1
740 774 1
631 666 1
258 651 1
756 880 0
786 816 1
850 49 0
470 796 0
412 184 0
451 279 0
528 672 1
455 477 1
749 817 0
682 795 0
804 539 0
426 875 0
618 568 1
569 209 1
556 116 1
586 370 0
860 781 1
804 705 0
215 663 1
459 507 1
676 171 0
186 750 0
552 161 0
459 636 1
793 849 1
470 545 0
886 443 0
607 799 1
642 652 0
553 514 0
831 709 0
339 622 0
493 850 0
273 680 1
636 565 0
393 649 0
50 531 0
836 855 1
720 651 0
741 581 0
884 625 0
819 567 1
607 854 0
695 840 0
142 33 0
769 535 1
442 675 1
684 186 0
879 875 1
630 678 0
633 886 1
849 807 1
706 825 1
670 65 0
592 675 0
133 775 1
298 569 0
318 628 0
408 680 1
733 764 1
424 637 1
883 797 1
741 821 1
171 635 1
831 449 0
755 269 1
773 434 1
876 134 0
43 684 0
747 252 0
565 18 1
644 185 0
716 845 0
502 257 0
284 105 0
367 622 1
366 614 0
156 613 0
628 756 1
332 145 0
746 842 1
563 824 0
659 366 0
442 115 1
160 235 1
555 223 1
413 311 0
827 697 1
809 624 0
694 247 1
359 252 1
523 813 0
469 190 1
811 495 0
785 729 0
579 350 1
803 619 1
67 455 0
517 149 1
702 693 0
663 142 0
496 662 1
373 74 1
776 790 0
584 729 0
76 821 0
266 154 0
264 51 1
876 882 0
273 2 0
434 875 1
442 5 0
866 83 1
813 589 1
861 745 0
844 725 1
841 251 0
707 80 1
606 312 1
590 822 0
526 231 1
455 231 1
674 757 1
745 734 0
594 541 0
571 286 0
321 315 0
802 760 0
615 718 1
106 282 0
402 418 0
795 772 1
639 247 1
646 258 1
417 431 0
860 291 0
607 361 0
618 228 0
330 441 0
251 552 1
485 197 1
728 46 1
814 409 0
712 439 0
664 871 0
381 867 0
73 879 0
874 779 0
870 837 0
882 722 1
795 348 0
858 629 0
877 212 1
532 195 1
203 333 0
279 63 1
752 262 1
686 496 0
645 565 0
193 472 1
385 179 1
519 366 1
253 436 1
375 796 0
758 712 0
675 781 0
292 21 1
106 253 0
680 418 0
502 649 0
779 696 1
637 303 1
737 357 0
569 707 1
874 697 1
627 249 0
272 887 1
784 736 0
268 156 1
438 346 1
800 825 0
644 288 0
864 759 0
798 682 1
870 125 1
442 344 0
291 351 0
543 38 0
728 764 1
785 882 0
275 607 0
361 738 1
363 818 0
856 854 0
849 792 0
277 614 0
302 594 1
577 690 1
183 621 0
849 882 0
132 689 0
384 800 1
866 436 1
401 539 0
712 504 0
329 869 0
614 442 1
735 748 0
619 679 1
825 619 1
467 411 1
722 531 0
414 656 0
696 5 0
112 21 0
807 885 0
365 830 0
809 606 0
855 875 0
228 776 1
124 641 1
502 269 1
571 97 0
630 698 0
773 654 1
707 703 0
643 884 1
412 851 0
364 284 1
479 859 1
439 501 1
83 863 0
179 20 1
48 208 1
503 688 0
474 35 1
359 236 1
871 876 1
511 227 0
548 341 0
167 132 0
849 877 0
404 9 0
814 592 0
97 499 1
761 57 0
836 847 1
176 242 0
798 578 1
494 731 0
883 822 0
154 291 0
317 206 0
567 776 1
743 538 0
709 661 1
345 684 1
403 97 0
17 13 0
383 488 1
455 663 1
789 858 0
75 525 1
704 20 0
546 684 0
855 827 0
548 881 0
799 714 1
45 188 1
765 616 0
887 886 0
346 666 0
804 805 0
68 343 1
875 643 0
859 845 0
457 733 0
859 816 1
757 560 1
738 815 1
617 573 0
688 717 0
502 806 1
832 837 0
797 831 0
851 163 0
400 632 0
861 886 1
46 259 0
408 687 1
887 611 0
581 682 1
234 175 0
886 420 0
514 722 1
478 665 0
750 513 0
424 507 1
36 705 0
861 826 0
476 442 1
790 583 0
689 382 0
165 402 0
693 161 0
59 40 1
858 859 0
733 364 1
751 588 0
882 858 1
49 31 1
706 826 0
795 802 0
381 299 0
614 356 1
824 867 1
130 40 0
684 579 0
480 506 0
693 721 0
514 837 0
323 494 1
885 876 1
107 209 1
861 223 1
574 246 0
874 397 0
406 808 1
883 875 1
605 780 0
840 490 0
511 777 0
135 593 1
456 758 1
848 731 0
182 352 0
311 348 0
500 374 1
652 258 0
584 404 0
524 776 0
868 843 1
114 776 1
45 368 1
872 686 1
429 489 0
696 692 0
502 749 0
305 507 0
770 836 0
275 453 0
620 404 0
711 320 0
611 732 0
460 180 1
814 622 0
451 108 0
219 352 0
812 751 0
266 47 1
298 806 1
413 796 0
776 844 0
324 257 1
714 575 0
826 765 1
531 760 0
109 155 0
22 786 0
695 633 0
594 624 1
670 872 1
735 648 0
747 748 0
842 768 0
214 160 0
394 200 0
809 103 0
887 880 0
793 659 1
654 887 1
538 105 0
261 437 0
672 350 1
845 612 0
145 702 1
22 851 1
772 839 0
370 511 1
662 55 0
119 574 1
759 678 0
872 165 1
160 53 1
217 476 0
879 877 0
766 881 1
779 862 1
508 599 0
173 436 1
754 651 0
484 705 1
132 229 0
25 330 0
380 463 0
867 661 0
787 786 0
782 301 0
886 574 0
92 388 0
631 736 0
764 619 0
813 831 1
187 710 0
507 411 0
816 333 1
310 40 1
379 157 0
527 560 1
161 340 1
523 795 0
213 202 0
837 857 1
141 11 1
502 776 1
714 840 1
708 552 0
296 845 0
865 874 0
13 612 0
393 163 0
863 866 0
825 761 1
173 300 1
273 630 0
35 421 0
715 820 1
603 525 1
882 798 0
733 868 1
770 733 0
694 355 1
457 59 0
654 675 0
115 887 0
272 235 1
684 701 0
382 297 1
876 875 0
694 689 0
103 747 0
488 553 1
823 835 1
28 252 0
855 831 0
662 445 1
316 20 0
41 329 1
169 184 0
851 369 0
77 410 0
849 885 0
797 603 0
669 135 0
695 852 0
655 660 0
813 773 0
387 873 0
386 601 1
799 765 1
236 652 1
800 818 1
733 700 1
554 618 0
423 77 0
705 855 0
775 777 0
843 805 0
39 717 0
884 724 0
796 852 1
829 798 0
268 765 1
445 219 1
821 158 0
609 843 1
705 708 0
505 250 0
140 94 1
425 641 1
668 549 1
195 147 0
286 384 1
439 519 1
813 630 1
567 229 0
316 342 0
792 861 0
322 435 0
296 182 0
700 455 0
69 751 0
815 812 1
675 606 0
620 732 0
782 411 1
848 784 1
300 871 0
845 884 0
348 240 1
326 858 1
460 872 1
334 745 1
182 530 1
727 739 1
668 420 0
620 594 1
342 613 1
511 855 1
873 853 0
717 219 1
811 758 1
100 69 1
858 718 0
180 796 0
859 852 0
370 52 1
524 34 0
792 781 1
786 385 0
574 432 0
222 316 1
808 695 1
95 570 1
837 865 1
130 295 0
547 305 1
774 871 1
796 714 1
769 115 1
324 543 1
274 236 1
820 863 1
720 801 0
858 866 1
796 565 1
739 821 0
527 318 0
297 168 1
518 577 0
530 76 0
627 668 1
166 806 1
648 768 1
850 57 0
774 793 0
797 580 0
490 40 0
411 373 0
553 844 0
586 372 0
881 875 1
854 596 0
141 745 1
837 594 1
819 293 0
220 400 0
519 879 0
281 396 0
826 496 0
399 135 0
495 84 1
533 553 1
335 315 0
437 790 0
693 822 0
411 382 0
518 850 0
79 380 1
610 530 0
779 698 0
723 848 0
739 577 1
208 338 1
408 26 1
599 128 0
788 92 1
460 699 0
855 741 0
862 830 0
778 740 0
50 865 1
56 783 0
443 830 0
372 712 0
3 753 1
199 262 1
710 472 0
437 604 0
543 749 0
300 243 0
84 134 0
31 806 0
559 840 1
884 838 1
216 628 0
198 170 0
374 120 0
636 344 0
879 845 0
428 571 0
135 55 0
860 873 0
520 291 0
661 83 0
534 299 0
239 523 1
869 191 0
781 755 1
874 481 0
869 40 0
834 770 1
689 613 1
781 786 0
617 356 1
871 837 0
810 822 0
744 433 0
751 874 1
526 638 1
556 835 1
363 828 0
859 824 1
739 72 0
833 155 0
482 171 0
885 776 1
98 579 1
170 779 1
67 816 0
886 887 0
860 544 1
260 419 0
279 14 1
883 849 1
203 444 0
181 540 1
604 155 1
456 592 1
217 420 1
283 750 0
695 780 0
344 784 0
102 418 0
417 812 1
877 693 0
835 741 0
814 650 0
325 665 1
714 388 0
652 837 0
128 256 1
810 623 1
296 779 1
743 456 0
799 722 0
202 579 1
840 558 0
542 765 1
878 804 0
847 178 0
574 791 1
795 848 0
244 573 0
268 55 0
554 799 0
857 216 0
719 589 1
821 639 0
573 617 0
672 418 0
825 698 1
863 871 0
298 549 1
699 775 1
778 443 0
813 689 1
736 816 1
771 419 1
399 758 1
871 810 0
683 744 1
796 733 0
629 776 1
340 676 0
551 707 1
376 168 1
683 317 1
577 851 1
741 507 1
758 869 0
305 336 0
331 487 0
425 583 0
378 694 0
864 792 1
319 785 0
185 30 1
427 831 0
273 678 0
96 576 1
398 312 1
883 877 1
348 229 0
780 462 0
844 152 1
880 466 1
595 780 0
205 665 0
364 782 0
196 239 0
808 522 1
773 829 1
668 799 0
834 737 1
886 883 0
75 738 1
876 773 0
40 646 0
322 784 1
215 207 1
250 138 1
425 879 0
70 318 0
403 508 0
545 827 0
68 41 0
596 665 0
803 770 1
659 400 0
758 606 0
242 649 0
483 372 1
775 749 0
607 778 1
382 569 0
866 862 1
540 516 0
611 57 0
482 547 0
591 459 0
870 876 1
359 332 0
499 274 1
589 412 0
354 24 0
217 357 1
505 605 0
215 104 1
519 490 0
130 325 0
651 872 0
251 465 1
405 742 0
615 630 0
378 228 0
100 445 1
325 719 1
789 110 0
474 878 1
845 856 1
847 745 0
813 518 1
476 605 1
356 146 0
690 165 0
797 882 0
851 378 0
54 745 1
441 847 1
688 383 1
194 347 0
60 418 0
470 422 1
575 318 0
835 565 0
39 79 1
54 340 1
714 732 0
318 454 1
840 879 0
295 529 0
885 881 1
69 16 0
629 868 0
608 576 0
629 480 1
852 780 1
348 732 0
820 732 0
636 738 1
193 423 1
616 875 1
539 23 1
702 782 0
851 861 0
655 706 1
790 856 1
469 836 1
65 434 1
860 721 0
339 544 0
780 872 1
365 133 0
672 411 1
635 644 1
814 872 0
582 298 0
745 729 1
702 676 0
629 493 0
64 529 1
685 687 0
664 837 0
456 134 0
818 597 1
878 823 0
729 854 1
92 289 0
668 648 0
746 264 0
693 681 0
861 794 1
864 475 0
759 597 1
844 706 1
368 230 0
758 625 0
320 586 1
467 482 1
619 289 1
709 552 0
385 620 1
102 809 0
699 720 1
726 643 0
736 815 0
745 800 0
745 466 1
854 565 0
290 310 1
544 747 0
433 661 1
51 125 0
321 699 0
825 722 1
84 15 0
725 883 0
852 805 0
724 515 1
626 879 0
400 436 0
9 251 0
652 740 1
837 881 1
803 436 1
880 777 1
487 531 0
826 559 0
878 73 0
787 578 1
461 339 1
844 860 1
397 653 1
570 447 0
407 12 0
698 528 0
292 534 0
396 524 1
714 411 1
586 768 0
208 468 0
756 884 0
701 86 1
360 692 0
715 719 0
80 698 0
622 751 0
658 67 0
710 135 0
753 869 0
622 429 1
863 886 0
675 519 1
789 749 0
810 879 1
451 138 0
477 97 0
745 596 0
785 618 0
12 253 1
884 861 0
438 89 1
866 694 0
782 212 1
21 599 0
799 672 1
471 477 1
498 478 1
638 729 0
407 649 0
255 850 0
847 867 1
857 735 0
127 644 1
458 351 0
106 871 1
709 874 1
320 593 0
657 223 1
851 885 0
753 802 0
403 100 0
203 690 0
739 782 1
147 339 1
267 161 0
625 516 0
884 863 1
806 856 0
558 771 0
384 459 0
625 554 1
512 401 1
814 840 0
636 352 0
765 576 0
530 859 1
844 819 1
676 548 1
747 718 1
197 388 0
758 561 0
44 624 0
870 761 1
519 585 0
644 822 0
862 811 0
537 656 0
858 705 1
790 801 0
847 343 0
126 622 1
335 770 0
848 756 1
846 524 1
362 649 0
694 511 1
620 649 0
787 802 0
557 724 0
519 819 0
537 760 0
192 530 1
473 740 0
512 299 0
854 844 0
677 540 1
820 543 1
111 429 1
884 885 0
819 699 0
734 41 1
770 742 0
520 14 1
683 404 0
171 183 1
430 590 1
697 871 0
853 786 0
396 667 1
751 724 0
597 625 0
855 690 0
835 870 0
285 327 0
829 840 1
528 173 1
551 390 1
598 658 1
832 775 1
782 664 1
665 534 1
458 376 0
254 599 1
876 390 0
345 528 1
581 644 1
474 494 1
795 885 0
301 249 0
632 644 1
141 104 1
822 685 1
263 266 1
270 506 1
537 872 1
707 649 0
573 6 0
508 713 0
618 231 1
348 659 1
525 524 0
410 755 0
543 822 0
343 206 1
631 589 1
870 858 0
867 819 0
591 582 0
463 311 1
481 449 1
233 577 1
793 867 1
806 446 0
765 680 0
552 800 0
28 298 1
725 771 0
837 825 1
683 618 0
765 713 0
817 226 0
509 852 0
27 524 1
864 483 0
530 270 0
868 767 1
297 862 1
394 218 0
23 488 0
189 154 1
419 538 0
194 536 0
728 748 0
724 690 1
841 641 1
842 834 0
384 309 0
550 778 1
650 824 0
470 690 1
737 843 1
221 257 0
651 530 0
585 645 0
658 883 0
573 23 1
759 686 1
397 210 1
83 54 0
885 886 1
863 832 0
792 43 1
761 583 0
786 365 1
340 9 0
580 699 0
657 312 0
827 723 1
872 857 0
481 873 0
530 437 1
622 360 1
884 760 0
764 827 0
596 285 0
883 885 1
814 422 0
868 456 0
432 459 0
543 399 0
656 775 1
476 215 0
573 746 1
192 377 1
468 63 1
687 448 0
760 721 1
401 337 0
742 737 1
416 56 1
766 391 0
350 577 0
601 528 0
800 801 0
462 305 1
325 803 1
573 232 1
585 846 1
734 49 1
883 826 0
466 247 1
196 762 0
562 92 0
420 54 0
732 702 1
451 179 0
343 771 1
33 348 0
252 96 0
411 528 0
432 734 0
872 876 1
629 845 0
521 456 0
445 408 0
886 860 0
684 635 0
146 658 1
436 872 0
639 727 1
79 252 0
531 129 1
878 134 0
485 288 0
818 751 0
379 886 0
701 694 1
256 555 1
878 816 0
839 661 1
567 639 0
278 682 0
681 823 0
543 579 0
596 547 0
31 716 0
842 690 0
94 802 0
876 870 0
837 875 1
205 27 0
374 524 0
77 400 0
779 279 1
610 813 0
728 504 1
887 886 0
794 527 0
863 873 0
114 186 1
385 439 0
343 188 0
408 797 1
864 813 0
376 456 0
428 636 0
639 73 1
757 65 0
24 222 0
710 685 0
41 845 1
63 483 0
745 724 0
621 763 1
160 676 0
762 430 1
433 471 0
877 802 0
753 703 0
549 491 0
752 496 0
315 89 1
162 248 0
730 464 1
107 781 1
768 829 1
122 325 0
465 108 0
819 767 1
804 883 0
367 303 1
736 221 1
510 636 0
330 629 1
700 826 0
870 859 0
27 453 1
878 855 0
855 757 0
661 618 0
820 844 0
229 645 1
781 443 1
642 644 0
657 184 1
43 777 0
858 865 1
337 534 1
102 753 0
148 628 0
476 748 0
50 521 1
863 215 0
870 860 0
201 129 1
27 841 0
569 526 0
850 879 0
707 468 0
775 223 1
743 520 0
859 838 1
553 422 1
208 836 1
884 637 1
810 848 0
123 241 0
716 877 0
851 833 0
881 884 1
284 864 0
182 556 0
24 209 1
443 533 0
491 475 0
457 233 0
116 520 0
27 411 1
590 641 1
705 740 0
851 592 0
381 31 0
411 356 0
107 327 1
878 876 0
692 339 1
830 662 1
854 862 1
450 497 0
110 287 0
780 375 1
636 767 1
838 795 1
429 396 0
831 834 0
527 287 0
597 746 0
313 797 1
440 652 1
885 882 0
627 31 1
749 710 1
803 874 1
867 489 0
745 538 1
390 782 0
436 746 0
348 692 0
856 101 0
59 700 1
462 750 0
873 883 1
689 71 0
270 635 0
869 829 0
828 753 0
754 798 0
741 805 0
717 629 1
794 559 0
817 56 1
40 669 0
131 544 0
843 277 0
87 860 1
273 580 0
632 627 0
226 613 1
667 700 1
534 712 1
839 505 1
653 777 0
769 605 1
386 162 1
610 703 0
861 689 1
429 383 0
211 254 0
877 813 0
724 720 1
374 480 0
485 611 0
15 38 0
413 750 0
600 714 1
773 365 1
418 563 1
719 686 0
824 716 1
885 868 0
722 611 0
736 738 1
672 653 1
885 646 0
295 480 1
656 606 1
562 784 0
506 673 0
219 760 0
808 750 0
403 265 0
494 337 0
471 415 0
597 632 0
870 864 1
591 183 0
660 720 1
882 592 1
788 630 1
529 720 1
595 454 0
727 764 1
260 543 0
851 720 0
570 36 0
773 561 0
790 833 1
415 153 1
506 567 1
349 343 1
476 853 0
173 427 0
846 736 1
236 431 1
695 328 0
318 635 1
340 639 1
627 733 0
826 794 1
389 110 0
851 781 0
540 419 1
834 708 0
586 655 0
608 697 0
177 469 0
723 178 0
555 528 0
761 591 1
131 51 0
829 553 1
122 38 1
881 724 0
810 776 1
323 75 1
417 388 0
886 885 0
746 845 0
756 831 0
488 545 0
123 552 0
631 126 0
766 762 0
659 757 0
494 500 0
392 181 0
20 371 1
704 296 1
430 821 0
850 881 1
585 821 1
82 149 0
272 769 0
335 664 0
585 577 0
93 857 0
837 797 1
673 611 0
753 119 0
508 808 0
865 839 0
858 841 0
702 686 0
693 717 0
283 481 0
414 452 0
56 154 0
884 879 0
674 691 1
812 647 0
280 630 1
209 689 0
573 862 1
736 882 0
397 230 0
309 769 1
385 482 1
804 802 0
141 57 0
703 780 0
525 15 0
44 114 0
883 712 1
109 622 0
322 486 0
877 424 0
586 462 0
878 876 0
378 484 1
583 178 1
155 734 0
163 713 0
51 211 0
837 860 1
476 83 1
863 839 0
559 604 0
170 185 0
426 666 0
479 574 1
812 857 0
753 639 0
459 408 0
846 740 0
314 530 1
313 875 1
856 849 0
479 234 1
762 311 1
707 755 0
680 565 0
724 732 0
507 598 0
679 848 0
422 818 0
670 691 1
754 504 1
52 793 0
305 885 0
241 720 1
764 707 0
858 825 0
768 517 1
427 752 1
237 270 1
817 321 1
322 268 0
402 575 1
220 517 0
856 658 0
123 353 0
184 631 0
551 765 1
603 739 1
546 640 0
835 266 0
809 782 0
710 337 0
744 799 0
859 840 1
861 99 1
748 794 1
748 184 1
75 751 0
848 879 1
757 850 0
51 124 0
720 820 0
571 55 0
288 264 1
802 216 1
152 13 0
560 371 1
565 301 0
465 154 1
29 786 0
315 331 1
474 862 1
383 259 1
422 172 0
633 107 0
163 886 1
336 502 1
371 445 1
792 679 0
830 789 1
800 862 1
769 823 0
803 236 1
842 113 0
591 805 0
625 478 1
430 457 1
392 843 1
871 881 0
324 280 0
158 657 1
797 850 0
751 852 1
782 829 1
288 544 1
875 712 0
619 634 0
706 860 1
836 659 1
81 537 0
590 445 1
290 488 1
304 161 0
663 277 1
795 862 1
838 832 0
645 771 1
867 860 0
725 58 0
374 629 0
539 288 0
848 499 1
884 838 1
615 256 1
46 385 0
601 618 0
876 425 0
168 656 0
785 510 1
86 887 1
95 341 1
691 261 1
879 870 0
723 333 0
486 405 1
852 860 0
322 227 0
136 687 1
667 17 0
482 186 0
179 840 1
800 749 0
720 704 0
340 820 1
810 654 0
577 386 0
164 554 1
158 134 0
398 529 1
864 872 0
205 584 1
454 575 0
194 27 0
86 757 0
646 790 1
760 762 0
76 101 1
773 873 0
167 740 0
54 704 0
303 117 0
77 194 0
22 677 1
502 103 1
328 149 0
848 819 1
762 723 1
99 357 0
865 870 1
868 699 0
562 375 0
669 717 0
559 742 0
769 465 1
444 157 0
337 380 1
625 454 1
724 794 1
374 496 0
594 143 1
863 852 0
708 94 1
882 884 1
403 639 0
474 180 0
825 843 1
881 879 1
625 713 0
523 622 0
301 698 1
733 855 1
247 316 1
650 812 1
724 887 1
584 770 0
563 212 0
566 104 1
625 188 1
638 710 1
160 451 1
241 190 1
547 751 0
822 880 0
468 800 0
884 819 0
795 513 0
828 852 0
839 656 0
865 842 1
837 154 1
797 218 0
48 36 1
724 378 1
208 78 1
349 78 1
578 568 0
840 351 0
569 573 0
692 876 1
297 331 1
840 834 0
629 208 0
80 835 1
576 403 0
153 492 1
864 879 1
607 729 1
309 317 1
788 238 1
727 810 1
368 360 0
755 376 0
30 750 0
5 711 1
586 748 0
193 421 0
883 769 1
653 70 0
518 447 0
767 736 1
684 767 0
551 767 1
574 584 1
67 830 0
838 537 1
850 839 1
310 824 0
662 449 0
299 779 0
676 796 0
823 819 1
486 472 1
327 591 1
643 786 0
389 725 0
678 403 1
265 868 1
260 585 0
711 683 0
877 684 1
364 851 1
122 759 1
696 564 0
880 833 1
573 721 1
752 161 0
820 837 0
532 98 0
599 697 1
873 553 1
237 256 0
879 172 1
706 805 1
162 771 0
871 413 1
240 654 0
322 794 1
855 883 0
863 745 0
305 827 0
829 245 1
887 706 0
442 701 0
835 464 0
845 587 0
386 872 1
362 792 0
218 515 1
719 370 1
676 527 0
738 802 1
831 773 0
438 730 0
410 227 0
480 60 0
517 399 0
432 446 1
776 387 0
521 527 0
651 810 0
760 313 1
670 769 1
731 844 0
443 307 0
644 291 0
817 165 1
172 664 0
223 722 0
574 268 0
151 707 0
771 759 0
794 706 0
680 684 1
402 815 1
716 517 1
603 34 1
806 17 0
78 363 1
543 376 0
859 639 1
856 179 0
609 842 1
689 671 1
745 220 1
787 797 1
791 600 0
838 643 0
839 715 1
401 717 0
342 658 1
879 759 1
729 345 1
493 754 1
536 833 1
154 167 1
722 785 0
875 5 0
241 244 0
266 544 1
190 390 0
480 675 0
488 491 1
831 814 1
426 472 0
751 137 1
616 862 1
382 604 0
775 874 1
849 828 1
760 793 0
882 823 0
80 724 0
81 109 0
827 737 0
525 815 0
565 478 1
99 79 0
633 627 1
867 887 0
190 827 0
755 608 1
628 694 1
871 816 0
28 344 1
83 37 0
90 66 1
732 193 0
245 346 1
692 816 1
59 343 1
817 574 1
388 433 1
505 553 0
851 663 0
515 88 0
633 71 0
189 66 1
685 215 0
678 707 1
720 781 0
871 870 1
170 19 0
622 643 0
648 684 1
3 669 1
850 857 1
283 321 1
879 882 0
336 451 1
296 20 1
37 317 1
831 735 1
719 555 1
425 793 0
822 879 1
882 869 1
424 554 1
794 453 0
802 752 1
567 108 0
765 431 0
284 668 0
646 766 1
870 501 1
534 641 0
297 656 0
880 569 0
443 703 0
582 254 0
197 852 0
60 286 0
217 273 1
475 640 1
680 304 1
644 545 0
875 861 0
736 507 1
846 76 0
272 315 0
685 875 0
509 145 0
314 329 1
428 482 1
279 756 0
514 855 1
185 576 1
672 788 0
626 690 0
787 582 0
376 401 1
786 350 1
435 829 1
559 743 1
680 867 1
801 669 1
296 548 1
682 777 0
839 778 1
729 562 1
754 339 1
844 836 1
477 551 0
762 807 1
775 702 0
611 704 1
481 628 0
878 860 0
632 794 1
544 619 0
860 775 0
144 442 0
816 768 1
100 364 0
861 873 0
822 548 1
868 848 0
500 775 1
843 806 0
685 411 0
852 456 0
480 849 0
511 547 0
698 870 1
41 696 1
759 792 1
722 517 0
790 504 0
792 807 1
471 250 0
714 485 0
610 739 0
709 577 0
365 711 1
238 704 0
600 241 1
886 830 0
436 706 0
880 878 1
119 557 1
634 833 1
329 515 0
872 878 1
793 219 1
756 783 0
386 52 1
168 510 0
328 293 0
668 388 1
685 877 0
442 152 1
855 758 0
185 250 1
167 482 1
763 224 1
873 691 1
642 444 0
492 401 1
393 403 1
779 471 0
322 411 1
574 683 1
808 489 0
813 396 0
642 342 0
847 865 1
550 623 1
141 72 0
153 773 0
508 367 0
808 668 1
575 559 0
779 804 1
493 706 1
775 887 1
843 474 0
778 324 0
589 610 0
575 739 1
518 691 0
135 472 1
179 700 1
850 861 0
821 775 1
885 823 0
631 435 0
48 607 1
843 852 0
77 704 0
766 678 0
511 764 1
137 739 0
181 651 1
553 47 1
655 216 1
23 22 0
130 471 0
460 208 1
48 836 0
709 785 1
766 754 1
852 812 1
384 484 1
822 753 1
356 462 0
869 672 0
441 599 1
344 861 0
879 872 1
867 870 0
177 260 0
733 495 0
405 473 1
710 314 0
576 864 0
645 583 0
844 522 1
310 230 0
868 578 1
426 305 0
858 770 1
310 277 0
655 57 0
316 474 0
563 327 0
199 804 1
306 112 1
590 391 0
539 350 1
473 84 0
565 842 1
806 791 0
439 134 0
29 255 0
576 611 0
487 428 1
880 625 0
297 728 0
417 882 0
597 91 1
228 309 0
760 852 1
701 681 0
868 842 1
851 606 0
251 851 1
173 27 0
875 721 0
158 108 1
887 778 0
197 630 0
745 762 0
511 427 0
204 7 0
170 633 0
593 428 1
298 438 1
350 863 0
466 772 1
120 723 0
620 545 1
711 631 0
533 878 1
817 813 0
762 629 1
196 759 0
67 215 0
456 880 0
739 607 1
742 479 0
689 668 0
424 343 1
705 721 0
563 886 0
720 853 0
633 338 1
741 774 0
182 695 1
334 704 1
853 600 1
875 852 0
822 884 1
187 47 0
838 757 1
116 349 0
773 809 1
617 580 0
725 777 1
320 280 1
386 794 1
77 775 0
358 147 0
101 578 1
762 472 1
201 486 0
880 886 1
493 473 1
733 456 1
756 594 1
671 164 0
744 768 0
134 488 1
546 632 0
808 820 1
630 84 1
558 260 1
842 714 0
643 600 1
206 307 1
824 377 1
370 678 0
540 571 1
97 849 1
363 556 0
801 676 1
879 863 1
369 690 0
561 690 1
172 800 1
140 297 0
869 731 0
883 726 0
349 378 1
12 360 1
861 864 1
91 181 0
209 58 0
409 116 1
573 372 1
346 598 0
665 632 0
171 285 1
819 792 0
455 589 1
693 651 1
624 242 0
308 752 1
715 27 0
532 827 1
467 681 0
127 175 0
759 52 1
872 849 1
867 170 0
815 167 1
227 779 1
819 828 1
637 232 1
655 630 1
637 708 1
413 312 0
498 368 1
834 844 0
874 327 1
700 21 0
370 761 0
299 37 0
775 735 1
770 450 1
683 627 0
848 832 1
51 710 0
702 693 0
882 440 0
149 68 1
885 887 1
858 792 0
193 299 1
781 552 1
342 879 1
87 646 0
526 729 1
491 764 1
587 467 0
296 390 1
517 349 0
506 860 0
292 398 0
325 255 1
481 165 1
639 258 1
396 308 1
882 871 1
753 115 0
253 367 0
279 542 0
744 814 0
308 836 1
106 316 1
437 800 0
825 472 0
174 755 1
816 542 0
165 306 0
756 475 0
684 428 0
157 791 1
27 457 1
107 429 1
739 727 1
825 833 1
74 474 0
54 393 1
818 816 0
568 851 0
310 257 0
421 787 1
868 874 1
432 513 0
869 627 0
751 834 1
673 67 1
579 588 0
126 371 1
473 530 0
804 163 0
167 740 0
502 548 1
775 234 1
391 381 1
832 582 1
887 675 0
761 371 1
336 439 0
490 444 1
719 883 1
855 775 0
196 816 0
240 177 1
99 623 0
646 409 1
718 661 1
157 560 0
683 371 0
178 340 0
705 638 0
444 609 0
364 355 0
786 653 1
75 44 0
770 882 0
538 683 0
119 588 0
64 285 1
845 750 0
532 430 1
881 873 0
607 825 0
279 607 0
706 654 0
249 643 0
342 779 1
409 584 1
593 541 0
480 830 0
466 698 0
84 164 0
736 338 1
845 582 0
774 171 0
115 311 0
821 857 0
362 822 0
138 504 0
498 325 0
502 726 0
258 353 0
863 887 0
849 824 1
794 857 0
655 415 1
743 822 0
457 745 0
290 587 0
257 310 0
247 160 0
548 386 0
313 211 0
857 58 0
841 863 1
267 200 0
728 733 0
176 2 0
558 742 0
812 813 0
410 335 1
731 361 0
670 801 0
853 174 0
239 834 0
757 720 1
284 275 0
286 842 1
193 746 1
627 107 0
329 847 0
216 388 1
829 764 1
572 798 0
364 635 1
609 561 0
107 832 1
848 733 0
823 756 1
13 635 1
845 866 1
670 729 1
703 760 0
864 740 0
881 785 0
756 746 0
784 680 0
71 593 1
556 124 1
442 883 1
392 320 0
447 470 0
703 725 1
827 434 1
284 816 0
713 429 1
418 283 0
395 279 1
729 348 0
407 732 0
864 843 1
880 882 0
89 862 0
730 605 0
866 722 0
884 885 0
656 535 1
887 886 0
196 804 0
537 239 0
819 427 0
840 856 0
535 853 0
761 483 0
874 54 0
675 811 0
669 769 0
825 820 1
690 564 0
352 534 1
852 92 1
852 885 0
831 539 0
631 502 1
845 831 0
850 828 1
371 699 0
306 479 0
789 853 0
783 448 1
789 872 1
230 711 1
69 281 0
341 761 1
46 101 0
525 826 0
87 5 0
258 627 0
704 282 1
59 731 0
788 163 1
856 866 0
129 384 1
250 540 0
686 239 0
771 781 0
370 472 1
768 862 1
18 765 0
278 291 0
871 878 1
810 698 0
20 332 0
277 604 0
740 739 0
364 828 1
553 217 0
366 216 0
732 615 1
856 212 0
638 336 0
720 530 0
397 525 1
541 581 0
829 687 1
870 867 1
579 209 1
706 848 0
677 301 0
379 366 0
142 386 0
256 518 1
821 447 1
819 152 1
416 126 0
552 844 0
670 412 1
312 465 1
410 267 1
596 205 0
318 424 0
781 770 0
487 389 1
297 120 1
784 733 0
253 66 1
528 659 1
401 812 0
593 605 0
184 720 0
353 784 0
630 255 1
733 14 1
836 852 1
55 802 1
683 520 1
569 430 1
882 232 1
471 373 0
681 628 0
818 823 0
561 789 1
634 447 1
809 352 0
239 810 1
78 489 0
707 833 1
158 835 1
806 874 0
682 154 0
323 649 0
740 876 1
588 87 0
548 12 0
825 784 0
876 878 0
471 248 0
61 6 0
243 257 0
139 239 0
290 697 1
155 353 0
514 614 1
232 683 0
645 822 0
95 842 1
277 328 1
882 865 1
509 600 1
659 402 0
628 283 0
57 62 1
886 655 0
88 613 1
650 793 0
760 763 1
570 714 0
839 425 1
276 387 0
798 726 1
417 415 1
499 716 1
857 784 1
868 13 0
829 818 0
754 765 1
789 855 1
524 525 0
709 117 0
397 532 1
401 789 0
672 454 0
752 790 1
751 882 0
797 799 0
303 632 0
573 535 1
799 790 1
206 599 1
136 530 1
432 509 1
272 73 1
152 447 0
799 509 1
503 825 0
869 860 0
307 491 0
538 592 0
883 174 0
449 92 1
453 732 0
805 487 0
870 710 1
203 669 0
777 715 0
874 569 0
839 613 1
615 93 0
379 314 0
872 857 0
508 169 0
751 322 0
353 450 0
797 841 0
853 492 1
624 616 0
798 231 1
456 629 0
428 348 0
797 856 0
825 499 1
826 586 1
54 532 1
166 276 0
550 329 1
113 685 0
81 632 0
158 116 1
509 749 0
570 704 0
643 827 1
443 515 0
78 400 1
343 886 1
674 795 1
96 515 1
396 319 1
473 8 0
885 878 1
740 569 0
562 237 0
842 887 0
863 866 0
666 391 1
869 859 0
789 820 1
744 666 0
506 259 1
211 488 1
48 191 0
791 878 0
258 811 0
803 343 0
873 860 1
773 579 1
814 717 0
887 872 0
616 171 0
352 690 1
760 764 1
694 178 1
245 852 0
611 253 1
106 148 1
811 153 1
771 479 0
573 514 0
753 127 0
789 815 0
323 721 1
513 877 1
829 854 1
711 293 0
739 721 1
401 145 0
855 823 0
494 791 1
130 755 0
483 102 1
535 616 1
707 806 1
766 214 1
768 356 1
466 493 1
806 852 0
347 148 1
850 698 1
507 365 0
882 712 1
308 215 0
820 634 0
413 869 0
869 879 0
64 348 0
531 663 1
840 858 0
800 871 1
466 800 1
47 710 0
654 830 0
783 838 1
866 798 0
674 399 0
111 818 1
441 786 0
658 290 0
777 765 1
833 517 0
704 570 1
833 555 0
556 508 1
534 438 0
653 732 0
249 451 1
770 723 1
872 599 1
837 163 1
883 881 0
647 563 1
332 560 1
265 782 1
298 684 1
231 578 1
379 431 0
615 601 1
122 192 0
308 842 1
622 516 0
866 843 1
620 642 1
540 44 1
516 2 1
437 805 0
55 331 1
43 343 0
680 142 0
876 799 0
273 574 0
455 456 1
349 571 1
827 824 0
809 827 0
744 536 0
207 591 1
387 303 1
141 114 0
877 267 1
701 231 1
594 533 0
451 478 0
663 251 0
470 855 1
631 702 0
607 520 1
83 730 0
406 729 1
217 233 0
149 511 0
722 761 0
823 447 1
414 748 0
705 8 0
164 87 0
484 562 1
726 824 0
480 213 0
722 750 0
187 39 0
449 670 0
451 575 0
831 105 1
325 755 1
553 532 0
659 615 0
530 490 1
747 686 1
313 294 1
724 562 1
61 644 0
722 812 1
511 209 1
2 334 0
850 839 1
492 650 0
128 754 1
782 752 1
346 862 0
206 178 1
630 768 1
420 819 1
787 478 1
564 699 0
184 264 0
796 476 0
325 427 1
460 842 1
758 821 0
68 748 0
823 379 1
407 134 0
873 314 0
862 654 0
193 656 0
299 59 0
188 498 1
216 824 0
503 746 0
596 812 1
761 557 1
826 56 1
757 348 0
24 46 1
731 648 0
731 383 1
663 212 1
885 883 1
468 560 1
267 583 0
40 613 0
448 435 0
878 872 0
725 802 1
566 463 0
838 792 1
428 199 0
154 672 0
195 796 0
297 745 1
349 218 0
41 309 0
886 878 0
882 881 1
662 763 1
157 825 1
156 605 1
802 733 0
372 414 0
379 679 0
335 861 1
368 210 0
633 647 1
527 211 0
864 828 1
887 772 0
624 707 0
844 550 1
143 519 0
597 537 0
561 208 1
571 265 1
733 332 0
227 754 1
855 871 0
242 508 1
863 638 0
625 157 1
704 586 1
884 876 1
550 751 0
778 715 0
805 788 0
813 455 0
174 705 1
885 817 0
684 290 0
233 534 1
349 693 1
212 737 0
103 152 0
885 663 0
499 694 0
832 613 1
29 201 0
640 775 0
558 334 0
599 281 1
43 777 0
477 530 0
280 885 0
841 754 1
439 766 1
736 592 1
312 420 1
672 136 0
517 346 1
542 576 1
313 142 0
429 236 0
152 32 0
634 63 1
439 787 1
371 448 1
217 387 0
581 100 1
564 455 0
846 261 1
824 727 1
219 481 0
780 291 0
92 724 0
878 421 0
65 601 1
68 382 0
162 808 1
74 737 0
54 490 1
664 586 1
264 661 1
432 436 1
810 17 1
691 164 0
214 738 0
533 556 0
458 818 1
177 786 0
872 492 0
238 486 0
317 498 0
829 106 1
711 826 0
264 194 0
735 215 0
404 230 0
61 448 0
545 664 0
527 313 0
678 195 1
872 746 1
543 122 0
681 529 1
844 467 1
450 412 1
64 216 1
513 82 1
542 512 1
707 619 1
863 525 0
461 477 1
864 408 0
753 748 0
868 826 0
631 536 0
439 726 1
413 671 0
189 289 1
328 322 0
675 413 1
93 117 0
674 614 0
176 292 0
661 331 0
67 537 1
843 71 0
566 461 1
652 811 0
867 883 0
773 474 1
715 673 0
541 577 1
356 99 0
841 878 1
521 62 0
677 803 0
881 876 1
334 325 0
869 482 0
590 567 1
868 119 0
292 266 1
881 825 1
852 370 1
242 754 1
419 134 0
2 180 0
553 523 1
868 875 1
830 628 0
718 538 1
669 196 1
844 769 1
164 187 1
419 491 0
468 591 1
417 569 0
823 461 1
37 326 1
6 633 0
398 59 0
814 824 0
856 740 0
882 257 1
101 319 1
668 430 0
744 834 0
744 770 0
208 410 0
482 598 0
795 734 0
839 782 1
713 856 1
826 818 1
739 417 1
738 852 1
247 110 0
457 853 0
678 757 1
814 209 0
583 830 1
629 594 1
393 255 0
251 6 0
707 865 1
72 79 1
597 477 1
510 470 1
543 789 0
786 639 1
251 498 1
357 528 0
812 883 0
513 763 1
425 736 0
702 267 1
168 651 0
651 530 0
279 258 0
399 241 1
221 721 1
767 460 0
373 370 0
692 841 0
885 465 1
225 524 1
501 104 0
636 146 0
726 614 0
784 834 0
693 120 1
757 849 0
842 839 0
233 194 1
149 13 0
294 493 1
784 287 0
229 706 1
701 736 1
107 869 1
488 872 0
217 705 1
822 866 1
832 174 0
101 299 1
483 667 1
828 396 0
623 411 0
94 881 0
645 355 0
616 611 0
301 881 1
475 851 1
788 334 0
737 587 1
374 114 0
747 248 0
284 475 0
269 765 0
48 397 0
379 491 0
630 781 0
617 425 1
884 885 0
358 151 0
678 834 1
65 278 1
879 885 0
586 638 0
603 272 0
812 832 0
578 607 0
644 797 0
331 663 0
51 538 0
37 247 1
727 329 1
652 595 1
691 880 0
68 6 0
471 77 1
630 769 1
753 617 0
503 46 0
616 798 0
602 807 1
719 729 1
199 630 1
635 550 0
7 854 1
773 51 1
856 49 0
276 19 0
16 711 1
883 187 1
693 773 0
508 274 0
883 797 1
804 835 0
20 54 0
780 809 1
643 781 1
802 743 1
825 752 1
315 209 1
742 553 1
423 545 0
405 97 0
526 641 1
384 458 1
188 478 1
148 174 0
259 445 0
576 161 0
854 831 0
871 370 0
829 743 1
22 37 0
880 886 1
228 390 1
595 565 0
342 750 0
513 539 0
325 648 0
220 564 0
722 792 1
384 130 1
802 831 0
495 470 1
808 771 1
347 788 0
861 881 1
585 793 0
760 830 1
732 643 0
170 309 0
479 75 1
309 490 1
803 798 0
475 104 1
738 709 1
637 176 1
717 566 1
845 262 1
604 663 1
115 513 0
292 523 1
381 565 0
604 790 1
618 606 1
346 658 0
854 834 0
536 729 1
535 384 0
631 112 1
886 879 0
824 578 1
439 276 1
389 341 0
362 581 0
529 691 1
860 870 0
283 765 1
467 669 0
831 469 0
245 839 1
475 219 1
305 666 0
645 650 1
693 821 1
139 11 1
816 817 0
322 248 0
137 528 0
665 247 0
591 373 0
409 841 0
769 359 0
720 829 0
344 387 0
867 557 0
605 614 0
736 859 0
188 715 0
806 394 0
710 817 0
378 840 1
235 248 0
473 213 0
814 801 0
800 327 0
874 885 1
213 599 0
701 412 1
180 20 0
622 262 1
228 482 1
488 405 0
616 879 0
765 654 0
204 14 0
388 387 0
504 826 0
851 723 0
208 765 1
855 737 0
878 854 0
774 505 1
544 690 0
709 84 1
496 845 1
383 142 0
727 258 0
417 434 0
714 539 0
691 867 1
246 767 0
65 738 1
789 553 0
513 686 1
866 886 1
827 792 1
855 786 0
604 603 1
318 566 1
683 481 0
706 581 0
630 794 1
854 581 0
248 624 1
875 830 0
793 568 1
803 877 0
799 730 0
721 413 1
877 879 0
777 741 0
379 523 0
670 668 1
267 95 0
800 787 0
735 833 1
815 554 1
732 750 0
482 518 0
534 186 0
769 303 1
442 565 0
848 871 1
880 846 1
446 590 0
498 572 1
877 845 0
431 601 1
17 335 1
865 843 1
886 486 0
604 12 1
861 628 0
530 651 0
416 788 0
811 782 1
678 348 0
847 465 1
822 792 1
499 90 1
425 385 0
493 413 1
581 756 1
282 776 1
160 385 0
802 122 0
228 171 0
566 705 1
43 138 0
514 86 1
815 447 1
855 858 0
757 690 1
744 841 0
879 869 1
594 552 1
752 740 0
145 615 1
612 744 1
782 817 0
147 731 0
607 272 0
778 302 0
78 747 0
102 533 0
153 277 1
755 48 1
604 188 1
850 862 1
431 542 0
151 671 1
291 150 1
198 43 1
492 620 1
479 823 0
328 884 0
26 828 1
686 441 0
229 19 0
813 413 1
209 118 0
395 517 1
553 825 0
852 40 0
497 421 0
398 205 1
688 438 0
617 189 0
677 221 1
523 883 0
626 861 0
768 811 0
535 852 1
322 176 1
282 670 0
870 866 1
652 449 0
50 490 1
819 814 1
409 781 0
9 764 1
348 609 0
186 479 0
706 305 1
781 882 0
523 756 0
677 429 1
720 515 0
477 618 0
806 459 0
248 824 1
312 230 0
641 557 1
531 190 1
345 702 0
346 185 0
487 351 0
723 750 0
827 438 0
644 495 0
872 290 1
780 847 1
299 26 1
40 135 0
877 855 1
426 118 0
401 550 0
209 339 0
799 837 0
30 635 0
854 815 0
803 742 0
755 333 0
639 838 0
807 313 0
421 204 1
196 387 0
796 49 1
853 863 1
708 744 1
528 527 1
854 793 0
874 860 1
222 319 1
750 684 1
860 828 1
704 162 0
188 112 1
336 343 1
879 338 1
102 206 0
394 300 0
744 572 0
739 336 0
664 132 0
848 849 1
303 694 0
419 266 0
465 506 1
682 404 0
636 747 1
262 478 0
307 257 1
852 841 0
606 869 1
613 839 1
778 762 0
288 806 1
612 869 1
653 72 0
532 238 1
731 2 1
110 357 1
145 375 1
873 850 1
827 187 1
779 809 1
819 533 0
4 697 1
645 584 1
766 651 1
500 546 1
706 219 1
746 810 1
484 453 1
162 530 0
443 638 0
512 350 1
651 741 1
625 817 0
647 709 1
559 650 1
810 820 0
801 848 0
683 38 1
501 743 0
404 843 1
142 581 0
317 761 0
260 324 0
649 116 1
410 816 1
122 574 1
633 604 0
800 784 0
881 243 0
824 879 1
846 679 1
344 261 1
672 567 1
587 182 0
489 493 1
570 623 0
884 739 1
508 861 0
705 291 0
863 829 0
532 768 0
483 499 1
58 804 1
884 875 1
230 546 1
757 851 1
678 33 0
324 696 1
697 726 0
555 302 0
510 698 1
586 30 0
749 843 1
883 761 0
336 20 1
394 788 0
546 848 0
453 460 0
351 668 1
732 565 1
229 192 0
880 867 1
658 307 0
769 855 1
648 102 1
817 828 1
700 382 0
706 796 0
724 618 0
597 332 0
302 544 1
31 423 0
393 577 0
509 340 0
261 745 0
466 432 0
604 736 1
827 404 0
445 165 1
882 783 0
808 349 0
877 753 1
361 46 1
873 801 0
175 726 1
458 857 1
540 318 0
862 463 0
316 401 0
536 539 0
778 852 0
816 605 0
879 883 1
83 65 0
797 457 0
565 223 1
843 158 0
656 805 1
292 28 0
810 856 1
558 482 1
807 802 0
431 810 1
88 38 0
352 252 1
468 654 1
37 255 1
517 305 1
585 642 1
652 513 0
554 540 0
306 529 1
70 402 0
198 302 0
881 844 0
401 741 0
712 698 1
828 776 0
108 72 0
755 797 1
843 421 0
737 68 0
521 778 0
652 371 0
744 708 0
763 606 0
842 735 0
845 195 1
185 874 1
469 27 0
870 846 1
311 451 1
814 847 0
851 878 0
718 751 0
319 43 0
787 708 0
855 637 0
187 779 0
343 485 0
852 868 0
745 686 0
415 648 0
757 321 0
293 28 1
561 647 1
211 849 0
256 677 0
845 55 0
877 876 1
637 850 1
763 302 0
588 320 1
873 725 1
870 883 1
855 530 0
719 482 1
462 215 0
158 615 1
789 834 0
795 631 0
487 462 0
638 532 1
673 670 0
846 760 0
648 873 0
222 480 1
730 645 1
745 136 0
523 370 0
877 886 1
656 329 1
860 26 0
134 726 1
384 306 0
808 586 1
878 300 0
515 559 0
597 566 1
552 699 0
582 590 0
200 102 1
727 451 1
542 730 1
509 609 0
697 786 0
706 535 0
685 28 0
412 848 0
240 28 0
819 794 1
134 189 0
284 82 0
866 884 1
832 886 1
197 839 0
249 192 0
721 611 0
865 170 1
109 810 0
260 853 0
583 320 1
742 680 1
857 497 1
766 356 1
883 861 1
686 261 1
748 423 1
779 394 0
366 848 0
788 399 0
412 735 0
158 590 1
850 507 1
696 408 0
793 424 0
162 750 0
205 758 1
844 850 1
453 281 0
736 827 1
787 583 0
676 409 1
243 810 0
263 41 0
661 85 0
777 355 0
877 784 0
591 507 0
839 648 0
613 501 1
453 164 0
672 720 1
459 327 1
41 650 0
518 753 0
567 217 0
708 840 1
328 577 0
879 832 1
517 71 0
757 230 0
184 428 0
677 526 0
833 501 0
341 191 0
589 678 0
164 148 1
864 883 0
500 594 1
277 385 0
557 853 0
880 884 1
854 818 1
867 851 0
46 207 0
831 788 0
299 751 0
116 710 0
202 519 1
722 253 1
623 823 0
610 434 0
867 749 0
608 595 0
780 835 1
772 828 0
525 583 0
766 630 1
369 60 0
407 548 0
819 282 0
820 524 1
390 711 0
49 266 0
379 859 0
873 886 1
479 526 0
186 158 0
772 866 0
713 639 1
886 809 0
175 353 1
681 707 1
859 724 0
616 698 1
752 858 1
49 307 0
104 276 0
421 318 0
885 887 1
549 338 0
430 392 0
864 781 0
836 558 0
650 636 1
660 836 1
462 423 1
827 674 0
674 375 1
385 313 1
422 179 0
496 684 1
720 822 0
696 553 0
15 746 1
791 519 0
465 66 1
504 110 0
857 234 1
353 304 1
591 877 0
576 412 0
492 736 1
802 649 0
384 412 1
560 606 0
57 400 1
617 788 0
94 655 0
295 658 1
866 867 1
636 254 0
23 653 0
867 866 0
215 548 1
678 832 1
790 332 0
536 860 0
421 397 0
490 305 1
127 317 1
457 614 1
332 554 1
531 632 1
181 647 1
848 603 1
224 600 0
788 795 1
826 476 0
635 409 0
801 472 1
570 552 0
708 472 0
535 541 0
484 233 0
557 787 0
736 530 1
718 581 0
78 133 0
716 408 1
721 878 1
598 607 1
565 755 0
823 11 1
409 506 1
357 852 1
242 170 0
439 484 1
873 882 0
95 187 1
48 603 1
829 853 0
159 36 1
553 465 1
811 706 1
365 826 0
562 619 0
242 214 1
550 588 0
683 3 0
834 379 1
853 875 1
780 671 1
794 867 0
318 404 0
432 91 0
316 522 0
530 502 0
68 435 0
83 468 0
542 690 1
745 799 1
277 195 1
831 595 1
600 601 1
841 156 1
764 763 0
169 603 0
765 792 0
589 696 0
126 90 1
449 249 0
448 418 0
581 261 1
800 805 0
60 275 1
798 848 0
296 394 1
835 374 1
424 191 0
862 830 0
565 661 1
644 820 0
346 458 0
856 864 0
884 553 0
765 863 0
13 878 1
867 519 0
606 621 1
51 123 0
735 642 1
630 731 0
855 864 0
488 399 0
451 470 0
537 719 0
834 792 0
845 873 0
705 684 0
887 764 0
291 849 1
77 600 0
746 519 0
849 262 1
177 328 0
441 758 1
829 815 1
823 648 0
292 629 1
253 816 1
124 479 0
613 826 0
687 384 0
791 184 0
131 696 0
872 859 1
862 320 0
276 533 0
277 545 0
763 677 1
213 499 0
832 881 0
586 662 0
725 824 0
654 33 0
726 612 1
882 72 0
768 679 0
882 879 1
782 77 1
875 880 0
436 843 0
780 675 1
774 805 0
495 433 1
847 88 1
17 877 0
615 649 0
575 206 1
630 793 0
678 11 1
851 822 0
421 837 0
861 857 1
591 519 0
864 866 0
742 619 1
124 385 0
25 313 1
220 402 0
298 118 0
394 773 0
118 437 1
36 507 0
809 679 0
741 342 0
611 394 1
814 822 0
838 846 0
491 425 0
653 830 0
332 682 1
446 731 0
521 27 0
835 839 1
541 705 1
744 412 0
793 463 0
172 628 0
840 252 0
886 517 0
153 386 0
16 125 0
827 882 0
834 710 1
833 845 0
42 162 1
741 453 1
838 812 1
679 448 1
452 767 1
830 654 0
875 674 0
818 833 1
27 449 1
373 861 1
41 360 1
522 725 0
726 564 0
230 582 1
815 297 1
570 868 0
679 707 0
800 526 0
569 532 1
837 41 1
48 15 0
88 23 1
801 552 1
420 504 1
834 321 0
783 468 1
486 822 0
885 887 1
886 878 0
307 274 0
823 883 1
715 544 1
498 832 0
676 343 0
621 685 1
769 816 1
685 793 0
469 856 1
729 294 0
476 275 1
317 693 1
730 822 0
722 639 0
120 11 0
744 686 0
856 871 0
211 551 0
782 78 1
761 466 0
759 875 1
473 807 0
691 887 1
220 338 0
308 752 1
769 610 1
768 882 0
776 844 0
729 710 1
747 799 0
278 324 0
868 770 1
821 833 1
384 745 1
745 775 0
522 442 1
839 812 1
834 407 1
761 576 1
690 659 0
165 475 0
105 779 0
512 296 1
215 45 1
664 843 1
737 567 0
531 578 1
38 125 0
354 585 0
836 509 1
759 832 0
555 625 0
771 494 1
264 688 1
719 355 0
100 860 0
524 363 0
261 204 0
313 360 0
874 828 1
201 733 0
615 633 0
341 437 1
803 837 0
572 648 0
583 667 1
240 835 1
711 436 0
300 224 1
841 180 1
736 741 0
872 887 1
269 13 0
844 635 1
675 629 1
630 648 0
340 337 0
192 838 1
560 657 1
662 657 0
29 452 0
634 439 0
395 633 0
245 427 0
691 805 0
882 546 1
868 845 0
847 632 0
635 854 1
239 706 1
746 400 1
40 147 0
784 95 0
817 854 1
520 276 0
668 525 1
85 472 0
887 879 0
390 705 0
15 486 0
723 687 0
577 66 1
594 391 1
790 686 0
810 873 0
561 556 0
600 163 1
179 607 0
279 471 1
704 781 0
421 187 1
669 873 0
683 307 0
187 419 0
785 728 0
375 591 0
845 487 0
723 759 0
740 770 0
220 733 0
584 550 0
465 765 1
680 826 0
707 775 0
819 807 1
533 340 1
627 566 1
152 252 0
681 762 0
808 626 1
296 124 0
418 686 1
779 759 0
564 847 1
769 705 1
815 884 0
434 856 1
248 233 0
874 453 1
284 525 0
448 178 1
820 130 1
867 814 0
62 395 0
534 147 0
148 684 0
828 127 0
72 553 1
391 765 1
606 468 1
598 791 1
479 260 1
882 767 1
557 584 0
87 709 1
666 659 1
296 32 0
441 199 0
400 761 0
404 312 1
178 250 1
10 441 0
726 759 0
761 843 1
570 296 0
257 525 1
816 813 0
819 558 1
774 702 0
363 764 0
820 620 1
693 705 1
884 742 0
356 471 0
875 851 0
602 771 1
581 103 1
583 36 1
550 769 1
456 641 1
347 384 1
747 789 1
434 634 0
684 270 0
880 877 1
799 112 1
654 182 1
800 833 1
664 597 1
538 536 0
859 792 0
161 413 1
137 276 0
738 515 1
682 465 1
848 698 1
796 746 1
148 226 0
2 206 0
183 222 0
512 414 0
480 340 0
493 91 1
758 746 0
802 779 1
348 608 1
149 280 0
260 645 0
726 774 1
433 505 1
673 544 1
848 623 1
734 791 1
645 689 1
539 238 1
608 700 0
589 489 0
736 809 1
536 652 0
60 308 1
694 528 0
718 740 1
829 802 1
775 186 1
460 439 0
651 394 0
682 627 0
801 778 1
851 813 0
887 879 0
480 853 0
845 773 0
293 858 0
216 667 1
653 549 0
269 624 0
711 693 0
541 244 1
781 724 0
836 669 1
455 744 1
524 510 0
842 823 0
66 228 0
10 341 0
805 827 1
775 842 1
700 851 0
419 762 0
821 699 0
496 739 1
422 188 0
860 792 0
817 798 0
51 717 0
710 358 0
200 700 1
554 720 1
186 693 1
827 706 0
684 248 0
362 534 1
882 883 1
176 741 0
527 659 1
151 756 0
473 676 0
576 852 0
852 83 1
855 856 0
807 875 0
573 791 1
169 20 0
680 539 0
799 779 0
486 413 1
858 630 1
377 842 1
756 336 0
176 27 0
885 462 0
857 800 1
764 652 0
798 810 1
474 471 0
297 467 1
46 732 0
886 330 0
838 785 0
438 17 1
879 450 0
746 659 1
572 454 0
269 788 0
36 268 0
351 316 1
661 660 0
800 776 1
881 146 0
340 548 1
715 684 1
515 607 0
466 422 1
573 655 1
290 580 0
827 648 0
545 264 1
217 159 1
669 733 0
536 371 0
843 640 0
862 651 0
816 725 0
794 650 0
810 721 1
779 789 1
736 821 1
532 579 1
878 734 0
360 429 1
849 848 0
672 628 0
866 861 1
759 874 0
614 731 0
752 377 1
612 321 0
576 569 0
543 643 0
882 859 1
772 418 0
290 863 1
611 585 1
430 302 0
846 772 1
836 858 1
165 872 0
286 401 1
852 788 0
726 387 0
188 58 0
369 617 0
463 300 1
151 156 0
321 3 0
699 369 1
410 649 0
496 869 1
502 198 1
199 218 0
754 640 1
379 753 0
727 418 0
733 840 1
448 665 1
581 439 0
537 388 0
691 452 0
879 871 1
404 337 0
376 414 0
733 453 1
427 587 0
506 850 0
258 609 0
600 198 1
502 723 1
720 96 0
256 722 1
759 237 1
819 830 1
576 466 0
442 514 0
656 560 1
873 884 1
244 114 0
671 507 0
130 810 0
96 271 0
861 862 1
719 804 1
321 317 1
328 196 0
125 260 1
847 693 0
575 704 1
815 847 0
555 450 1
425 427 0
874 876 1
803 557 1
723 802 0
362 544 1
354 84 0
248 605 1
810 457 1
533 132 1
595 819 0
327 170 0
459 108 0
700 876 0
796 492 1
553 847 0
353 457 0
868 394 1
765 796 0
516 466 1
305 709 0
712 839 1
879 816 1
453 457 0
275 86 0
734 685 1
101 823 0
800 565 0
820 848 0
624 797 1
627 692 0
265 886 1
35 675 1
348 545 1
838 525 1
768 543 1
692 873 0
814 837 0
169 228 0
820 815 1
399 323 0
826 663 1
319 351 0
656 13 1
368 745 0
782 796 0
574 252 0
882 885 1
795 786 0
102 880 0
809 782 0
58 514 0
849 726 1
690 703 0
620 153 0
454 3 0
9 588 0
264 786 0
819 795 0
597 529 1
368 773 0
104 409 0
872 335 0
249 348 0
75 271 0
261 739 0
733 779 1
209 741 0
830 831 1
454 437 1
335 863 1
239 447 1
858 855 1
326 52 1
65 43 1
676 215 0
743 730 0
328 566 0
841 756 1
289 477 0
826 702 1
140 535 0
745 757 0
660 795 0
743 738 0
883 707 1
878 522 0
757 772 1
550 444 0
846 867 1
286 802 1
519 826 0
862 821 0
686 606 1
576 491 0
886 492 0
771 517 0
740 783 0
439 566 1
705 159 0
238 140 0
636 147 0
307 260 1
533 456 1
196 92 0
590 135 0
871 883 0
718 105 1
525 574 0
842 123 0
856 713 0
655 747 1
164 446 1
741 310 1
827 544 1
319 649 0
265 164 0
337 685 1
586 445 0
668 819 1
785 852 1
562 280 0
397 720 1
600 865 0
672 838 1
638 487 0
252 105 0
879 497 0
260 507 0
323 375 1
595 675 0
650 68 0
742 18 1
650 833 1
839 840 1
696 636 0
506 614 1
865 883 0
414 797 1
712 547 0
737 48 0
786 515 1
488 37 0
808 672 0
877 847 0
612 171 0
589 843 0
733 442 1
543 813 0
199 214 1
358 564 0
660 746 0
569 821 1
621 701 0
642 11 0
94 270 0
482 791 0
867 381 0
139 540 1
596 494 0
64 278 1
821 706 0
788 566 1
155 745 0
669 338 1
382 509 1
856 808 0
823 96 1
870 488 1
517 616 1
663 596 0
588 704 1
579 612 1
339 672 0
705 691 0
357 273 0
81 876 0
477 511 0
216 784 1
417 79 1
563 214 0
699 640 1
595 456 0
443 552 0
225 17 1
823 775 1
144 100 0
122 699 0
218 770 1
501 827 0
598 266 1
800 878 1
850 421 0
23 755 0
847 882 0
752 808 1
550 808 1
825 605 1
305 709 0
336 403 1
242 842 1
567 590 1
406 352 1
355 758 1
416 12 0
608 226 0
403 341 0
458 643 0
146 425 1
123 283 0
626 796 0
453 576 0
21 122 0
853 76 1
345 292 1
184 102 0
187 339 0
308 419 1
831 807 1
514 769 1
550 815 1
445 444 0
848 856 1
140 174 0
763 758 1
99 549 0
468 860 0
795 869 1
587 550 1
315 865 1
830 808 1
585 569 0
806 176 0
193 755 1
163 714 0
273 37 0
818 317 0
398 137 1
285 392 1
698 382 0
615 731 0
442 429 1
637 799 0
613 445 1
815 855 1
683 131 1
292 557 1
853 827 1
706 743 1
634 679 1
405 558 0
777 835 0
867 799 0
798 763 1
667 543 1
731 222 0
805 680 0
868 869 1
499 501 1
779 63 1
852 565 0
463 758 1
508 798 0
803 811 0
253 495 0
126 301 0
391 205 0
247 854 0
852 773 0
760 151 1
446 634 0
767 689 0
563 791 0
403 555 0
293 855 1
314 703 1
566 36 1
501 634 0
452 437 1
827 865 0
618 605 1
368 247 0
747 176 1
744 394 0
279 360 0
783 834 1
839 511 1
449 782 0
482 744 0
811 812 1
721 624 0
599 66 1
543 533 0
716 675 1
272 870 0
599 488 1
344 762 0
117 221 1
721 690 1
38 131 1
388 655 0
875 881 0
510 596 0
291 568 1
225 606 0
304 1 1
696 699 0
859 84 1
334 428 1
241 731 0
702 387 0
297 290 1
754 641 0
817 805 1
289 32 0
778 835 0
143 482 0
826 875 1
760 562 1
628 384 1
297 607 1
747 284 1
431 98 0
717 799 1
663 770 1
826 748 0
881 846 0
322 841 0
559 598 1
822 829 1
563 571 0
807 800 0
20 555 0
398 630 1
218 2 1
218 168 1
13 93 1
257 31 1
855 517 0
284 508 0
719 860 0
119 663 0
346 228 0
348 642 1
455 251 0
856 805 0
734 573 0
228 437 1
23 280 0
491 368 1
736 694 1
383 692 0
847 565 0
321 695 1
554 574 0
861 384 1
373 349 0
23 448 0
620 708 0
688 811 0
878 813 0
539 508 1
352 45 1
678 738 1
359 345 1
523 746 0
588 668 1
48 477 1
630 79 0
394 172 0
158 227 0
730 680 1
777 801 0
394 564 0
658 588 0
282 792 0
557 279 0
479 578 1
77 447 0
791 841 0
721 191 0
827 704 0
190 754 0
862 848 0
478 596 0
676 606 1
322 690 1
848 866 1
685 632 0
814 720 0
78 656 0
779 778 1
206 557 1
797 770 0
217 876 1
421 840 1
598 792 1
106 274 0
641 576 1
673 390 1
818 762 0
502 111 0
634 591 1
527 675 1
886 884 0
886 764 0
30 849 0
548 626 0
501 712 0
760 873 0
628 384 1
159 331 1
149 248 0
877 851 1
689 758 1
609 505 1
850 463 0
156 601 1
213 831 0
193 152 1
857 841 0
320 414 0
368 794 0
492 717 0
73 122 0
446 450 0
513 51 1
11 729 0
873 112 1
549 130 0
796 688 1
173 636 0
551 853 0
715 239 0
775 487 0
663 802 0
230 194 1
875 866 0
672 426 1
872 845 1
782 821 1
298 572 0
565 845 0
783 633 0
730 768 1
728 293 1
23 176 0
686 706 1
401 515 0
