3034 2609
-9977113 -8448244 721249424
324 1090
1744 90
1672 884
2563 2164
2235 1149
1522 1867
2732 1092
2360 2166
1198 2219
2755 2776
2189 1881
720 2732
2368 1206
735 289
1952 1754
1425 1740
1425 2219
874 2318
2820 422
1952 440
2009 2764
249 2292
1712 2703
2936 1529
598 1230
202 2397
3026 2296
987 243
2001 2006
2397 1310
1109 1263
908 691
872 1658
2936 2916
1496 1712
1083 499
416 1003
908 2037
2294 2037
1143 502
569 874
2579 2902
1895 2410
2754 1475
2563 2885
1230 913
2126 785
2494 88
2795 2207
2906 2711
24 2951
1965 967
2024 2884
1119 2562
1462 2207
2916 2672
2454 555
1132 2486
845 2944
385 2563
1547 1279
887 2926
2665 1754
691 2428
1079 1502
767 1704
2755 1594
2429 2235
1137 838
88 2036
2036 13
2164 1060
1965 2037
1943 2468
765 2334
799 2732
2740 2214
1740 2233
695 1308
940 2104
965 733
224 1055
2883 1761
2198 1852
2285 1090
2770 1149
1754 440
1862 1543
119 2727
1690 93
945 2647
324 1198
294 1215
333 2417
955 7
2951 2916
2611 2486
1352 224
401 1976
2913 1832
1245 2285
1893 493
1165 43
1973 2446
820 2951
2558 2511
2665 440
2146 2549
445 1737
2101 1432
2539 1965
1942 2662
1661 633
2754 1465
2665 2326
2125 224
1109 1499
2229 967
1497 2929
635 1509
2329 796
2166 1955
2890 2629
1929 416
416 1149
541 1141
1352 1929
945 598
2001 184
2318 1983
2498 1163
2916 1242
2330 2017
1912 1801
595 2486
1529 2219
1945 347
2642 2751
2006 1978
2429 633
1339 700
2036 586
1079 491
2177 1722
249 598
1754 2714
1844 572
2776 1245
2647 717
16 2391
1818 1125
2453 1068
2616 673
1003 859
687 75
294 2177
24 2563
635 541
572 1672
605 2788
1443 799
119 1283
1880 409
820 2530
994 1820
2733 1657
2793 1855
1387 1245
2916 845
2795 1346
2993 881
1856 2297
1591 1389
1496 1876
416 2285
1522 687
1496 2916
2726 2126
1387 249
2809 2903
1862 183
1974 1672
2294 2703
88 802
2113 120
1396 2090
2233 799
1090 1818
1721 1867
249 2645
2795 593
2520 951
1090 2530
1627 2124
2936 402
1170 1886
1352 2219
737 2925
1851 1395
1149 1657
2062 2407
440 2367
324 1346
2642 1879
324 2292
1886 1032
1721 1827
2602 114
2476 2835
774 2751
184 720
2703 1359
1602 910
2005 7
84 152
2497 2964
2091 243
357 1547
1740 691
1425 2429
2671 1291
1856 2101
2523 1543
1634 2578
1322 2454
2012 2130
1496 2703
2348 548
2360 183
2539 2037
2182 2874
721 2588
1858 25
2929 2741
1865 1893
2770 2653
2229 2037
2916 2949
942 613
493 1459
2171 2209
2795 1090
1119 1764
2653 2645
2294 1198
1352 2285
2336 1050
1712 1740
128 2496
859 2050
321 2091
2916 2416
127 785
1022 1732
2488 2462
119 2071
633 2132
1086 2334
319 634
385 691
2770 2001
2429 2796
440 1732
1346 2530
767 977
765 91
2277 908
2393 62
2711 586
1096 1015
395 1355
1844 2446
1973 1443
1040 1902
2549 737
2776 2235
317 45
803 2870
1011 69
500 733
2793 2093
2205 1465
317 552
2416 2476
2951 1886
945 1740
1149 2329
18 1091
2539 2235
2390 1038
89 2001
1346 119
1420 2926
440 1549
1694 91
1387 820
1865 1242
362 1876
324 2285
88 1163
1472 1695
1965 24
1722 2751
633 500
2629 1163
802 1955
783 2860
2229 2658
458 2247
461 2367
2699 2234
908 598
2172 1538
2931 1042
1428 699
1504 1310
2229 402
409 2995
2621 25
1805 2211
1096 2629
202 1170
1942 608
1322 2001
1443 69
66 1159
656 1547
525 2793
399 605
1496 820
2235 385
1109 1902
24 1880
2125 1945
568 2123
1722 2885
1039 1355
2451 643
796 2075
2171 613
1387 691
1022 1119
2074 1782
932 66
2951 2645
1627 2241
2410 2761
2063 405
119 1928
2277 633
633 1928
2229 1346
2549 2530
932 1974
2767 2052
2233 330
1425 1346
2662 2885
2146 2714
2672 119
478 214
2755 910
820 1529
1425 458
2222 73
503 374
2454 2885
2529 776
2724 1876
385 461
1060 2297
2951 553
1496 2776
2670 1134
1974 646
2189 88
2096 340
225 1547
2724 1661
1746 2942
249 2285
1346 1818
1754 2913
2252 695
2738 49
2653 2454
1011 1432
2598 2330
2523 1955
2001 2454
859 1318
1547 1626
934 2725
1876 834
1740 2826
721 1497
390 1694
945 1965
1032 1219
802 2754
324 2090
1895 2588
1740 1754
2916 1346
2714 2329
290 1507
1011 2857
186 552
1079 2207
1245 2653
249 1929
591 2297
2012 315
122 548
1627 1242
2651 1782
1626 14
2235 1346
2360 2068
1943 591
2793 2247
734 1167
1602 2653
2973 296
2936 2747
2031 3013
1076 803
2743 409
2407 1821
2916 385
2556 1497
2795 2901
1737 1014
2137 1060
2177 2824
2665 1723
2416 1086
1754 159
2801 1796
1015 898
936 2931
2793 496
2451 2152
1928 1011
2009 374
1720 2496
591 646
2902 2221
440 1283
655 2397
1895 3013
1479 395
402 1929
206 2124
362 1740
531 225
2973 1178
80 340
2429 2146
633 691
1352 385
2774 2588
1322 2367
2294 1011
575 2290
2936 2277
2549 1858
568 987
91 2207
2801 708
1881 152
1387 598
2429 416
2724 2650
1308 2903
202 461
2583 1632
994 2517
2598 1902
456 2207
294 2585
633 2427
2543 225
1198 691
350 2172
362 1465
580 749
1507 1704
2329 2494
1973 1569
1462 679
2349 245
2714 1806
2292 2205
1721 635
1722 1241
1754 2326
2284 2282
2776 2146
1821 1801
1845 8
819 2524
2983 2540
249 1712
2006 443
593 1090
2629 191
1149 1410
2665 2360
241 2362
1818 54
1852 144
987 1600
390 112
1895 1497
7 1318
1119 802
1895 2349
2917 2378
132 2124
1198 1245
659 1089
1496 691
874 754
2177 1241
67 2870
587 2536
820 2711
2922 569
1011 1263
2724 2326
2055 2826
1163 2962
710 1687
851 2396
2463 202
66 1165
2152 2438
577 1879
2674 838
1943 775
2362 2192
2329 184
2198 2732
83 785
2774 1881
1893 8
718 575
289 2123
671 1538
2921 2231
608 531
1076 2741
2334 137
2394 898
2546 1395
1844 1832
608 597
1475 1279
1902 1279
561 1434
2776 2795
1965 2247
1965 1359
1789 613
1649 21
2528 1978
2523 2166
2530 2885
2229 224
1936 617
2285 2549
682 1657
2709 388
2001 378
2703 2334
2247 3019
2591 2879
1245 2292
362 598
2755 2219
634 2367
478 591
1015 1750
402 1215
88 1685
2776 416
2671 894
1011 1163
469 591
1661 2205
209 2883
1601 2838
2539 1876
2916 2530
2326 2006
2562 1744
1712 1952
1004 2062
910 1529
239 2878
2205 1806
1973 799
2429 593
1844 69
2498 555
1886 2819
2611 2579
1270 2511
1038 117
132 455
2277 2219
1852 3004
2093 1022
965 2629
2755 1198
1149 2885
61 2162
478 2422
600 2209
1602 598
2549 2788
315 1502
2229 1712
1740 2951
1245 409
2222 1704
1230 2001
720 69
775 1038
1198 1167
1509 120
1704 2396
2164 913
1198 2205
1685 641
1338 58
965 2498
249 908
2246 2306
913 699
465 2374
2795 1245
942 2602
990 1452
2132 1092
2096 1002
2001 1215
184 1806
1740 967
2724 2037
691 509
2280 884
1712 802
2714 1012
182 1704
1445 2746
1002 2354
2494 2498
633 2292
1754 1732
1862 1717
2503 2236
2703 2662
1264 178
2476 1832
224 2416
1399 91
794 1438
2853 82
54 2597
2529 1347
2394 2819
1796 26
1876 385
1832 720
2834 1206
714 1649
1941 2116
2776 1198
224 1090
648 1637
315 970
1264 2182
1359 2819
2697 1851
1825 687
1973 1852
2360 2075
319 2132
2755 593
2826 2528
2294 24
2368 2879
1245 224
509 720
1973 981
456 2024
2831 378
2808 1176
993 1125
2951 2071
1880 617
1746 2384
1952 2326
2229 2650
443 2209
944 289
1443 2551
598 1543
478 1107
586 2162
2277 167
440 1210
2285 2292
2246 2236
1542 296
2795 1712
2674 1082
402 2285
2372 1355
2543 2562
2829 2732
1121 1656
1722 531
2539 2530
1799 262
2292 2585
707 1423
2796 2563
2229 2285
2906 1275
2256 3017
1465 306
2585 127
2916 1121
1070 1538
2820 1223
499 2124
2379 2931
1496 2711
2921 2453
2993 374
2360 802
1973 509
1149 1215
1143 319
1003 2956
191 123
1690 2781
1790 1999
1211 2124
1522 894
22 1318
2096 2381
1191 503
324 1965
803 117
633 1973
643 2075
2587 1670
2662 2329
2824 2506
617 1132
399 2595
641 1459
2177 2595
714 2062
994 1499
1732 2446
1886 2665
2326 1732
247 1128
2224 1167
2189 2796
491 3019
2770 2367
416 691
2951 598
586 2282
1943 1006
324 2916
2585 936
2125 1198
2486 2738
2125 691
2703 2205
834 1448
1425 1602
1902 80
2125 1712
1496 402
1198 1090
2714 1241
496 2052
1090 1346
1479 626
1119 2036
1687 1381
294 2885
2608 2983
1387 402
1528 49
3013 1465
2727 290
2776 2292
11 801
1657 2958
1832 3004
1746 400
1462 2647
633 2598
1141 2771
2229 2235
2091 2709
69 1494
388 2332
1740 441
441 2454
2549 2037
2539 2795
123 2739
2835 2506
1855 2247
2213 2866
1528 1645
1496 1965
1732 325
2543 1764
458 1090
932 1902
2523 1167
1013 2108
2597 1538
2658 180
492 290
633 2219
1425 2755
2747 1312
2549 2132
1425 2732
1322 634
2198 69
1365 1503
1425 2292
191 1799
775 904
461 1928
324 2549
1090 2205
1717 2166
582 2495
725 66
1656 1083
2658 2219
362 2951
2503 635
184 2585
898 1974
1448 247
721 2754
458 990
2294 2198
646 73
1965 2126
1004 2246
531 1806
2394 2247
2294 362
441 2645
1722 1806
2925 2160
2112 1008
2563 1423
821 2309
1143 648
898 469
997 754
1839 3011
2394 1855
2454 2422
93 399
2429 1264
2754 682
1198 2549
378 1423
182 1150
2036 2031
845 1291
2543 13
2177 2714
119 319
65 2221
385 1264
1230 2653
1929 2549
2511 61
502 2562
2391 74
2036 577
1119 1002
2410 1430
2746 1723
820 1929
2367 990
1712 1318
119 2819
1929 2703
1549 180
820 1661
2829 1852
2463 2182
385 119
469 1943
1712 1198
2205 2993
989 1178
38 548
1352 2776
1929 2916
89 2645
2669 1655
721 177
2539 910
2602 1039
2397 803
2284 1637
2329 1241
2770 89
96 1053
1124 2838
1011 1092
1479 2761
1011 799
2658 2549
461 1143
324 2219
1430 932
2031 2826
648 531
249 1346
1223 1033
1322 2166
1876 399
713 1388
2936 908
820 1965
2703 24
1764 13
2724 967
2093 2247
1425 2277
1413 2691
1740 2692
575 1033
2776 385
465 2410
2229 945
16 1203
967 2037
2486 566
2951 1090
1399 2650
2125 2724
2285 2714
2177 2820
83 1459
1569 2075
24 2549
43 180
2539 593
1423 1599
598 2824
1873 455
239 1396
416 2446
2326 1722
799 2558
997 2137
1230 990
2166 2562
2703 633
2146 2530
2407 399
2936 2645
2096 2123
2001 2367
401 2761
859 2379
2795 1876
1529 1750
2951 2819
2125 2146
1929 2591
1413 2671
1387 2146
2229 1245
634 990
2182 2656
2539 2579
70 1942
2724 633
294 531
2189 1874
2131 2495
2936 2394
2563 2662
1856 765
2776 1876
402 2292
910 2037
572 2496
586 2781
2125 24
2658 183
1764 1038
62 671
568 1210
2922 2929
2563 2598
493 1638
2318 2291
295 1389
2539 177
2755 402
2154 1132
1399 2341
945 2234
1764 62
2703 1661
456 2569
1853 2276
1855 2543
1365 87
1109 2137
509 2551
2795 2703
641 84
1602 1346
70 608
598 2598
1629 1189
2416 1787
1384 1772
324 2277
2951 461
416 598
2427 1912
1876 1661
2189 1936
2326 1002
1552 2550
1740 2462
440 735
3004 69
1045 1252
1149 2714
634 1567
2073 2384
1121 1874
1452 1649
2755 224
845 2082
2396 2012
2662 531
249 385
2670 717
1346 2219
735 3019
819 2306
1721 341
2463 1443
1083 1260
2587 1219
1831 984
1973 2198
2108 1381
2934 1275
324 319
2497 123
1352 2229
239 241
2549 2219
2177 184
2576 2131
2212 73
2277 1529
2754 2055
357 2588
1672 2514
1818 718
2294 908
1965 1661
2517 455
1844 2551
1077 1596
2277 440
202 1893
1430 66
1965 1198
1855 2093
2906 965
2878 1893
1159 2687
2549 1322
2782 2214
2951 2885
128 2267
608 1215
2770 990
1022 1443
1425 1661
2727 767
1899 2886
183 1717
2378 2578
2539 458
1365 2958
2583 1538
330 767
1090 385
1003 600
1070 2859
866 2028
1290 1141
1782 1089
2546 497
1109 997
2808 1347
294 1423
1895 685
2741 340
2289 2615
569 2741
2549 1886
2125 1387
1015 1163
2931 1296
2235 967
262 1260
209 2296
2913 1761
1121 1149
2936 598
1712 24
2743 793
2808 2349
2107 2290
1965 2530
2001 2645
543 1645
2071 1928
2284 61
1751 1412
2326 2543
2289 1503
3004 799
363 241
2189 2563
2782 1999
1712 910
1844 1092
725 1430
2277 2549
2294 1740
2291 350
2229 1661
1121 2132
25 560
1886 1241
2263 1899
1952 634
2936 633
2755 1529
2476 1874
465 1176
799 2832
224 1529
1965 1529
2906 1717
718 409
441 990
2063 480
1055 1446
2665 2901
1788 887
1832 2468
2613 2820
595 2282
1865 2579
2326 2853
2607 26
945 1876
2808 1150
1425 1143
2082 357
294 507
2024 1042
1942 2370
1676 2757
427 1296
2487 1983
2326 184
2692 2246
509 2824
1359 1764
1388 2740
1928 859
2878 2511
249 593
2416 3004
2389 1801
89 2653
2922 1086
88 1543
1002 718
997 2497
2463 1886
2182 202
2608 1664
1352 2235
503 1845
2332 1761
845 1096
1076 1038
2238 2007
1075 1384
874 2075
597 884
578 1772
2093 1264
2755 691
580 1957
1537 2023
225 1384
593 1876
1399 2583
416 908
608 69
171 2017
202 144
2539 2219
2936 178
2429 910
525 2890
2435 1206
2665 1732
2394 2653
1165 298
2951 1602
1198 2037
24 2658
1638 2761
18 989
1952 441
1352 2233
1066 2859
497 2178
1322 2006
2530 2523
2724 224
803 2497
1443 2164
2727 1567
1143 83
86 2073
469 1657
2796 2747
2235 691
324 1929
1443 1862
249 1022
2381 1750
362 2137
772 42
1929 2951
2146 1346
2416 2770
1413 2348
2724 294
368 2934
1876 319
492 1150
987 2902
284 474
1096 2562
1443 1191
2936 1283
2446 1832
1090 2906
874 2152
2936 2658
2556 656
2543 1867
2381 48
1004 464
362 1090
2543 2726
2146 458
1832 2569
2703 1529
2146 820
423 2616
1352 908
1988 405
1425 2724
648 159
1387 2285
2936 990
2235 2549
402 458
993 700
2645 990
783 2535
1387 416
1763 2017
65 246
1077 566
1717 93
1352 1965
2714 290
2724 910
2198 144
441 2006
2776 820
2451 1497
1732 2598
70 2714
1804 1849
2776 224
1352 1712
1346 2037
2964 2116
159 1658
2494 2726
2235 2916
1676 2546
1003 401
2906 1494
132 734
2177 1619
2446 720
25 584
427 93
1952 1283
2285 1876
1011 2410
1387 362
1210 2497
1090 2819
2394 1942
2146 1602
362 2285
2535 1370
2294 1245
2770 634
1661 1412
2374 1076
655 2318
608 1722
2277 1245
2962 1567
660 2160
1141 2536
749 750
1002 1611
1496 2334
2177 1347
2631 117
127 2318
2831 2186
1359 1928
1955 2506
2558 2462
993 936
350 645
802 2629
1083 617
1764 1543
340 2709
970 1774
319 2819
2916 2349
2770 2645
2796 1656
1425 2539
474 717
2336 90
1425 2916
1496 1013
2207 1234
1359 1143
1928 648
2951 1529
1264 202
2793 2394
1690 2062
2429 2294
357 898
1143 2071
1496 2539
2463 1264
2213 1888
2028 1772
2727 1497
2164 799
2374 2925
2429 1198
1876 2205
2127 584
24 2913
1494 1191
2037 2829
2407 597
458 648
908 1661
1552 2330
1542 1626
1178 1888
1740 1176
2125 1661
3005 679
2936 2796
1475 2206
1973 1832
167 123
2055 245
659 1223
2795 1740
2776 910
2885 2284
2936 284
2163 2290
2071 1849
560 74
2949 1295
2550 1839
2182 1283
11 2224
2743 2883
1661 2037
821 794
2164 793
1656 2563
569 83
224 910
2453 2104
1740 2658
3004 2995
763 2820
2205 1170
324 1661
2277 456
1352 2724
2774 1423
1712 2840
1942 239
324 2808
2315 2711
2396 749
2277 2205
114 2879
1929 633
3019 3026
38 73
1425 1090
1198 385
1083 600
26 2541
182 465
2658 1543
2055 1423
183 1955
2037 1886
1178 2007
362 1602
1874 2697
2951 224
2724 1965
461 2071
2834 2595
1529 2530
2665 1006
440 1022
1119 2629
685 1082
1143 2819
2205 2598
1952 2913
18 1594
2224 8
555 1717
2796 1694
441 2329
572 720
315 1337
1545 246
2795 2037
593 598
1496 362
183 2962
2148 1048
2280 1270
2429 24
1230 2446
2177 2585
1818 2164
1443 767
502 2360
1928 319
2349 656
2235 2530
2463 2653
2653 184
2252 1695
2429 385
2292 1215
1886 898
2123 1060
1559 1935
635 543
402 1245
2575 2660
493 464
81 561
1952 1732
993 600
461 2819
3013 646
721 225
2429 2916
2913 1731
1740 2549
1039 1487
2001 934
586 1459
2229 1198
2795 2951
2012 2005
2294 458
441 184
458 660
2429 691
2009 1935
2126 137
402 2294
993 2407
1507 2137
117 1462
1537 2860
993 2699
2962 492
965 183
2755 416
881 2883
324 1082
249 2277
774 74
74 2903
1673 2275
2647 2341
1661 1121
2277 2520
569 2569
673 717
1150 1547
1569 117
707 1150
1569 785
2824 378
2315 1862
936 464
1425 593
593 1602
945 458
3005 881
2451 1874
1425 2416
2125 2936
1176 1497
783 2068
2050 576
2647 374
2277 1011
945 593
1011 1015
626 2934
633 2037
408 849
2429 458
1352 2916
2585 859
595 1935
2394 1806
600 2350
2913 440
1496 2037
638 834
2767 1503
645 2615
634 21
945 2916
2776 2703
2558 1714
2539 2205
2824 2831
1119 2370
2539 598
2091 2050
464 701
1318 1827
324 2658
246 2788
2360 2523
635 152
691 2132
491 2984
330 2727
1245 2446
1022 1283
2360 13
1119 2023
734 701
1211 2332
1211 577
1673 2309
249 1886
700 81
2235 633
921 1789
2754 767
1337 1384
249 1198
1952 2665
2292 2247
2703 1952
1732 1322
2563 1359
638 1634
1629 2886
458 1198
2125 119
1387 1740
1210 1006
1942 1722
2315 127
43 522
247 1526
70 1806
122 1752
1941 73
1124 1066
595 2857
2381 2933
1234 1499
2796 2463
1245 2219
330 2222
1176 2428
2546 2550
2207 884
2292 1637
820 2294
2918 374
184 1241
593 2530
319 648
2662 184
1004 390
1789 675
2189 1656
2949 341
2503 597
2906 802
2658 1346
1011 569
1929 1602
1124 134
2222 2835
1241 572
1818 2001
1661 2551
2360 1494
2835 700
2615 1731
608 2585
2933 496
1547 1978
2725 1418
1543 177
1529 1327
561 186
2563 2381
1740 2277
296 1664
24 2665
2354 22
378 167
2494 801
1410 2875
1425 2703
88 1096
2629 2031
1853 2669
2374 1504
178 70
509 2233
2063 1014
2370 754
617 1089
2222 898
945 2329
2793 1241
2558 754
2463 178
725 1475
2294 2454
1898 1685
2795 1432
630 951
402 2235
2918 1611
593 2995
1191 1410
2530 2093
2549 2292
2146 1198
1744 1366
2918 2931
2699 675
1066 2921
1507 2396
2645 2917
2189 1121
2936 1198
2284 1601
2154 1012
1387 2703
2795 1602
2229 2724
2853 2615
82 3003
2291 2417
2755 249
2275 1774
2146 691
2819 1722
440 2598
458 2916
319 167
1496 2292
294 682
1965 416
1852 572
1876 1090
2326 1283
775 591
1191 2931
1983 45
2539 24
2915 1381
2393 2671
1425 945
2703 2563
2579 75
2463 2494
2168 701
1045 2757
24 598
89 2454
1425 967
1443 2233
945 2951
572 13
317 2836
2229 2277
2658 224
1874 89
1359 2396
1230 2454
3004 2551
2611 540
478 2468
1792 58
224 2916
965 845
1852 720
2629 2573
1928 2819
2037 691
2831 955
2510 2809
1899 2214
347 2112
144 2774
2770 80
2123 2422
2724 2277
1425 1198
461 319
1191 2687
3004 2494
319 2886
2951 319
416 1602
2146 2703
2916 2219
1543 2488
42 776
2755 2235
2265 295
849 14
577 1428
298 2541
1083 209
500 2341
1688 561
478 2558
2463 1170
416 2549
1943 655
2774 2082
2835 2588
2724 2101
945 2662
1942 1806
568 96
441 2653
391 2348
2576 1603
2890 2116
2824 656
2951 2658
1712 1965
243 548
725 1006
2498 802
849 1091
2809 2751
1712 2913
2429 2277
1852 376
2795 117
2186 695
402 385
908 1090
2001 2558
502 2711
575 2691
2349 2506
324 416
2743 8
1790 1295
1210 765
2132 2036
2672 819
569 152
2692 1528
2913 1339
2929 2297
1503 2983
362 2277
2146 598
509 1092
2795 1764
1283 290
2178 1670
682 2486
945 2703
2285 224
2182 1170
2198 1092
1543 2381
2656 2192
3011 2984
1855 522
2146 2285
1072 2378
2285 1529
2285 1443
910 2205
1143 119
1712 2916
799 1936
1740 1661
144 720
2697 2435
2539 2292
1867 500
531 2585
2703 3004
1452 1657
1876 598
1198 2488
2394 478
1504 1006
1215 1290
2390 1310
2182 178
990 2454
1865 540
2607 1295
1387 2292
2829 2233
3013 290
764 2874
713 90
617 2956
1929 2530
1346 2292
2318 1038
249 820
2487 2213
2665 2913
2662 1465
572 1494
2036 2711
2539 1529
2198 1844
2776 593
2936 1721
2658 2598
440 70
1015 802
2922 2529
2182 1886
1831 284
735 997
1865 1898
469 2101
1149 88
1242 884
1167 500
2890 2476
2082 1547
2137 1206
330 499
1198 2006
249 24
2936 910
2177 464
1615 1125
908 1245
1497 869
568 80
2125 340
1229 685
1522 2280
2277 2951
2563 2802
202 132
2588 112
458 224
763 1203
1050 582
1055 1962
2796 1874
1818 2672
2831 2962
993 1165
2393 2192
1425 691
2189 1040
1874 2563
648 2819
1880 3024
820 2235
1656 2829
2235 2703
2329 1722
171 2575
1170 735
1876 202
443 1502
1096 183
182 737
2454 1852
1264 1170
2476 2672
597 1050
1962 1312
1687 1420
2853 1077
75 2902
2326 2410
2154 1845
1740 908
2071 648
2576 1888
2755 2795
2235 1245
2829 2164
2494 1893
2285 2530
1076 137
772 1792
2241 400
2294 608
944 997
1387 2726
1040 123
784 405
3013 1410
2662 605
2631 540
249 2037
1496 224
2294 2205
2068 1396
13 1163
2390 1750
1322 990
2277 1445
799 784
2453 763
2724 2913
134 2309
945 2549
648 2653
2754 1547
2315 1494
2658 2329
2670 368
1150 478
2267 2875
555 2372
2829 1844
2224 1559
1494 2711
458 691
319 2629
2597 1048
2125 2367
1346 633
1230 737
967 2219
3004 2233
388 1042
1245 910
1352 402
910 803
330 177
2394 357
2229 2916
1346 70
2205 2523
2936 2703
2831 2222
944 2733
1832 84
2416 1818
525 2451
2276 2660
2189 3013
2277 1661
2925 325
1754 1022
2913 2326
24 2292
119 69
1787 43
2360 2726
2840 2231
499 445
2294 910
717 1446
2556 1279
525 643
1942 1955
598 2530
2012 2129
2233 772
593 1740
16 1664
1522 2915
2506 656
1346 525
945 820
2132 737
2732 363
859 2781
1352 1387
2285 910
2222 2350
967 2205
1219 1252
1430 646
2235 598
944 1569
2129 630
416 385
910 633
710 2809
1211 1893
1754 2598
2189 1844
2776 1965
1626 2263
1929 458
2511 1167
561 2514
2951 2219
2390 1040
18 262
1496 24
502 1096
2390 646
1006 2631
171 977
1952 2598
321 209
378 1507
2831 167
598 1732
643 940
593 24
2795 908
2219 1746
620 120
2222 427
2132 2732
2229 1475
2326 2374
1600 701
845 245
2229 1929
1942 2774
2840 2661
245 2835
2645 1942
333 2206
1015 2166
1638 87
1090 70
2672 184
605 2341
932 2074
942 26
553 368
1075 862
2824 2687
1704 241
2394 1955
1832 3024
908 1876
2951 967
1943 2101
866 548
2613 1772
1928 122
224 385
803 796
1988 1599
967 385
1754 1283
2247 1121
2703 416
1712 458
845 2771
2556 2835
1012 1761
2367 2006
1832 2741
206 399
2755 2530
598 1529
1477 2438
2795 224
2936 572
2229 249
593 1965
2944 1596
3019 1801
2703 2292
1425 2776
1615 2575
2703 167
2265 2238
1198 1717
2367 509
1359 648
1198 2658
2236 86
2148 247
2318 1752
1270 1935
1370 1428
21 2746
2776 441
1076 2468
362 2037
643 2890
2132 2562
362 984
2658 1388
2390 1475
1740 2916
1352 820
2598 2164
884 214
945 2724
2754 225
206 993
2795 945
1503 2875
1752 2047
575 2236
1943 2558
1165 2650
2006 2801
499 2934
2764 1930
1567 1150
1943 714
2246 2520
289 1974
1022 1559
82 2621
2125 2235
294 2662
70 2662
1902 2104
2125 2530
1965 634
1327 2761
2936 967
2093 2326
1410 2895
458 2549
2853 1487
1018 733
1346 13
1619 2660
1170 178
634 2006
464 1873
2082 764
2733 123
2936 385
159 2926
2125 2277
416 2205
2860 2788
2341 1820
2838 1506
319 1627
2488 765
2451 821
1818 1339
1685 2902
2294 1215
2289 980
2699 726
167 2428
134 750
967 2832
2795 362
2399 2113
682 2838
2219 691
1055 1670
2367 2454
1128 2017
1862 1086
1509 180
2146 2724
2511 2840
1053 2660
1264 440
2394 2093
707 2826
1496 1245
820 967
225 2820
1230 89
1876 2154
2146 2277
2294 2292
2154 2743
2523 465
416 1611
2315 555
707 2222
1655 201
2755 458
2349 2556
24 691
851 2878
2615 1805
2776 2410
802 707
3013 1176
2182 2177
2091 363
1865 679
144 2446
2125 1496
2276 49
2539 1602
246 1763
1322 441
2498 2166
1852 2551
635 1935
11 2884
2071 183
2125 2294
1107 2130
509 144
1876 2658
1737 2857
2277 2692
2551 2207
3017 1381
2563 289
2125 362
2341 1103
725 1655
1529 2549
2956 2836
555 2711
2009 1821
144 3004
249 1965
2746 1189
2108 685
965 2494
2886 1068
1895 2631
1229 306
1656 461
1945 708
80 2123
1874 1656
587 81
2152 503
2326 1022
2653 531
997 2318
2724 24
2428 2506
2168 1132
2890 177
2219 2071
2163 1591
1602 633
1740 416
2212 630
177 2050
1528 904
458 1886
1022 2001
1387 1090
1370 1603
775 997
2776 1022
362 2205
1656 70
1929 1011
2755 1965
2913 1732
2658 2205
2222 2428
2410 2984
402 2951
2727 245
2031 707
2360 2562
2031 737
1957 2131
620 1273
458 1545
362 910
1496 324
1425 402
2665 1283
182 1507
2235 1754
2936 593
461 648
1176 1567
1974 1006
2563 1754
1283 70
82 1670
578 3003
416 2658
980 1434
402 1712
1134 630
2662 2714
2315 845
2294 1661
1714 241
249 2219
2651 1632
2824 1704
1381 2761
2598 1506
2055 290
1717 2370
2391 3003
1387 2549
1352 945
1496 2219
402 1529
2703 691
2297 2280
1600 887
1657 2550
2795 2530
2884 2942
1893 243
2315 2360
2205 2808
2714 1569
1366 1008
1825 3005
2367 2360
1714 801
45 1388
119 648
845 555
2724 1143
324 2793
591 2462
1965 2451
793 241
1976 2739
1425 2658
2755 2429
1712 2037
2936 1245
1119 2726
324 458
83 881
2389 2757
995 2514
1452 1076
1496 2205
2921 1033
2123 1504
1359 2071
2929 2012
2724 593
408 1477
2164 2551
491 2510
2793 2802
2372 1273
3013 201
202 178
49 2540
910 598
2125 1942
1452 1006
503 2692
1245 2530
1751 726
633 1732
2895 1004
908 967
1712 319
908 2205
1898 2091
820 2549
1825 605
1206 1664
388 2379
2916 500
1230 441
1806 2410
1472 2788
2037 202
2006 2962
1245 2543
2168 399
202 1886
942 1072
2125 324
1860 2578
89 2367
1443 572
1929 2235
402 2219
2528 152
2463 2523
1720 1638
2256 1252
1661 2913
1176 492
869 2761
1688 1645
2101 997
1496 1346
262 1804
1103 2573
2732 2835
58 951
2012 1219
2247 2071
772 1137
289 874
2747 132
465 357
2285 1346
845 2711
2451 2890
904 1137
2315 13
2265 2615
1425 1352
1549 2883
1425 2125
2658 1661
820 2205
803 2297
598 2205
1387 1929
1788 984
872 2524
995 2671
2112 49
1602 1661
1022 1862
2127 2417
659 1930
409 112
423 2998
1529 967
593 1704
608 2329
2895 1893
2802 241
1876 1443
750 1526
1387 1952
1245 2205
2001 2653
648 1015
2205 2835
1438 2949
2913 1022
402 967
2036 171
2651 1053
1740 1602
66 123
2374 2236
2381 1410
2212 772
2724 1712
2724 2549
1352 2936
1176 2556
685 1774
1096 2498
2074 2595
3005 1761
2429 2125
458 416
183 1015
600 575
1957 1089
69 2732
1722 2585
2998 1434
2549 1806
1018 2591
2125 593
3004 1092
2125 178
376 2131
598 1346
2936 2285
1732 1283
2399 2595
2669 2697
2024 8
633 967
682 83
921 708
655 1310
2446 69
324 1876
390 391
1821 734
987 1509
2703 1143
633 2123
2082 245
90 862
1352 324
2884 2063
735 66
2662 2177
2235 1602
1121 2563
461 884
480 726
61 241
990 2006
945 385
1744 981
1141 1879
2962 2826
2198 1465
1873 2866
1744 576
